
0.41084885597229
0.35874104499817
0.35447001457214
0.45129489898682
0.32125020027161
0.34380197525024
0.37760305404663
0.3416600227356
0.35783290863037
0.36792993545532
0.34838104248047
0.44144606590271
0.41090297698975
0.44674515724182
0.41167593002319
0.45885896682739
0.47173714637756
0.44852709770203
0.40967702865601
0.34568405151367
0.33940505981445
0.36161112785339
0.37743902206421
0.40790605545044
0.35696792602539
0.38818192481995
0.36023616790771
0.36544585227966
0.35003709793091
0.40629100799561
0.28961801528931
0.30493521690369
0.32855582237244
0.30946803092957
0.30963516235352
0.31355094909668
0.31387519836426
0.35501098632812
0.3527979850769
0.36146593093872
0.35312294960022
0.35686993598938
0.39701199531555
0.29493403434753
0.31095600128174
0.31230306625366
0.26985812187195
0.41556406021118
0.40111017227173
0.54899978637695
0.53572297096252
0.50834107398987
0.49603295326233
0.55719184875488
0.54367208480835
0.53994107246399
0.50686192512512
0.48885798454285
0.5290470123291
0.53572702407837
0.55998086929321
0.5019109249115
0.35409879684448
0.30063199996948
0.29590201377869
0.30237197875977
0.31500387191772
0.28797817230225
0.36439681053162
0.35732197761536
0.34088897705078
0.33137893676758
0.36402297019958
0.34617805480957
0.29256892204285
0.33883213996887
0.39656805992126
0.35233616828918
0.34332203865051
0.34952020645142
0.34411001205444
0.3521420955658
0.38597583770752
0.35911798477173
0.33486008644104
0.32310199737549
0.32196593284607
0.32121801376343
0.32297420501709
0.37037181854248
0.31020379066467
0.37319898605347
0.31508016586304
0.36085200309753
0.36007618904114
0.30472898483276
0.35951399803162
0.30916619300842
0.35719299316406
0.31781387329102
0.34418916702271
0.3001389503479
0.3568229675293
0.29245400428772
0.31907105445862
0.30082678794861
0.30037689208984
0.30102396011353
0.28810095787048
0.39166593551636
0.39976096153259
0.39231300354004
0.35704112052917
0.34032201766968
0.40686202049255
0.39353919029236
0.39819192886353
0.38027191162109
0.35172891616821
0.35470700263977
0.35209608078003
0.3716561794281
0.30541205406189
0.30081987380981
0.29363298416138
0.30292797088623
0.30130290985107
0.30465602874756
0.3110408782959
0.3193359375
0.30878114700317
0.30588293075562
0.28721904754639
0.29458904266357
0.31029796600342
0.30334901809692
0.42199611663818
0.32377004623413
0.31915807723999
0.32244396209717
0.31230211257935
0.31231284141541
0.3899838924408
0.41641092300415
0.39195799827576
0.37178802490234
0.3183319568634
0.29906105995178
0.32513403892517
0.54120278358459
0.49885296821594
0.45021390914917
0.34394311904907
0.3625819683075
0.3597400188446
0.34611296653748
0.40456008911133
0.39026093482971
0.40101790428162
0.37834596633911
0.39211988449097
0.39816808700562
0.43941688537598
0.43570899963379
0.352863073349
0.34839510917664
0.35950684547424
0.34017086029053
0.32316517829895
0.38897109031677
0.349769115448
0.34989595413208
0.29926085472107
0.31218004226685
0.35098886489868
0.34602403640747
0.28715705871582
0.34879207611084
0.36749720573425
0.34334421157837
0.34051489830017
0.40139293670654
0.43734502792358
0.42074513435364
0.44332480430603
0.43424797058105
0.44789409637451
0.45226383209229
0.38060688972473
0.29265403747559
0.40237283706665
0.34234690666199
0.35271906852722
0.30112504959106
0.29312992095947
0.29536581039429
0.31084084510803
0.43318915367126
0.35773897171021
0.34951710700989
0.34812998771667
0.35550594329834
0.36880087852478
0.35495591163635
0.37023711204529
0.36943984031677
0.36401510238647
0.35050511360168
0.36363005638123
0.37211799621582
0.3622989654541
0.35833096504211
0.49199104309082
0.47294807434082
0.40320801734924
0.36888122558594
0.37326788902283
0.29382586479187
0.29798817634583
0.28964686393738
0.31219792366028
0.3489351272583
0.30727291107178
0.30297017097473
0.29508280754089
0.2997579574585
0.31650614738464
0.45217490196228
0.4507749080658
0.37925720214844
0.3580961227417
0.35986304283142
0.34995198249817
0.36072516441345
0.33353900909424
0.36715483665466
0.34388089179993
0.3578929901123
0.4465970993042
0.41031980514526
0.35398006439209
0.33964490890503
0.36326503753662
0.36425614356995
0.36318016052246
0.3583390712738
0.34738397598267
0.37401700019836
0.36880993843079
0.35736417770386
0.3672399520874
0.34985589981079
0.35029006004333
0.34663009643555
0.36017203330994
0.36530613899231
0.36047506332397
0.37154793739319
0.34063601493835
0.30186486244202
0.31154799461365
0.3094961643219
0.31078386306763
0.29164099693298
0.3049750328064
0.31790518760681
0.30410504341125
0.30969500541687
0.31892585754395
0.31271982192993
0.41296792030334
0.3035409450531
0.29226493835449
0.33787703514099
0.33881092071533
0.35769510269165
0.35442304611206
0.344398021698
0.34997987747192
0.30134105682373
0.34826588630676
0.31423401832581
0.29065108299255
0.31485795974731
0.3516640663147
0.31566500663757
0.2990779876709
0.30034399032593
0.30338597297668
0.3219518661499
0.29848003387451
0.29084396362305
0.30439901351929
0.31162190437317
0.39133501052856
0.30607318878174
0.29310894012451
0.34186983108521
0.35354804992676
0.34638810157776
0.35337996482849
0.31390786170959
0.34011793136597
0.36002898216248
0.30236482620239
0.33090591430664
0.33750605583191
0.35529780387878
0.30120396614075
0.32065486907959
0.30074310302734
0.31579685211182
0.34704494476318
0.3430609703064
0.34970188140869
0.33922791481018
0.33783793449402
0.35548210144043
0.29237198829651
0.34728598594666
0.33590412139893
0.29646587371826
0.34552597999573
0.29305601119995
0.348473072052
0.38869309425354
0.29510712623596
0.34707188606262
0.35289192199707
0.35593509674072
0.34135818481445
0.37561297416687
0.35093092918396
0.3009250164032
0.35307097434998
0.2965259552002
0.29597306251526
0.31126093864441
0.28302597999573
0.34372496604919
0.3447151184082
0.30070877075195
0.3045380115509
0.29934096336365
0.2965681552887
0.34784603118896
0.33624315261841
0.35120892524719
0.40158200263977
0.31313586235046
0.30480003356934
0.29420208930969
0.29887294769287
0.29184007644653
0.34665203094482
0.3457670211792
0.34281420707703
0.34448289871216
0.30152297019958
0.30870914459229
0.30387902259827
0.30480313301086
0.30520510673523
0.28866696357727
0.29969596862793
0.28072285652161
0.2970027923584
0.31334209442139
0.3008759021759
0.34973001480103
0.35345888137817
0.30145597457886
0.30218005180359
0.29106307029724
0.30490684509277
0.29946804046631
0.29258704185486
0.30223703384399
0.28681087493896
0.29156589508057
0.33830499649048
0.33870601654053
0.31073498725891
0.32805681228638
0.68186497688293
0.75156784057617
0.89929580688477
1.0638930797577
1.1850850582123
1.4639279842377
1.5555419921875
1.4830760955811
1.4617002010345
1.8950049877167
1.8848378658295
1.8842470645905
1.8867030143738
2.2455379962921
2.5262629985809
2.609237909317
2.5567209720612
0.54267692565918
0.39553713798523
0.40935397148132
0.36802101135254
0.40636897087097
0.40425205230713
0.4046368598938
0.45740795135498
0.34939908981323
0.45708012580872
0.4068648815155
0.3932740688324
0.37900805473328
0.33381605148315
0.34162998199463
0.29765295982361
0.38357090950012
0.35157990455627
0.34203004837036
0.32989811897278
0.37242102622986
0.30539202690125
0.35599303245544
0.39963722229004
0.33284401893616
0.34750390052795
0.2943229675293
0.2866199016571
0.27983713150024
0.2859570980072
0.30170011520386
0.28182721138
0.29034304618835
0.30193305015564
0.26961517333984
0.36395192146301
0.29340004920959
0.29809999465942
0.29174399375916
0.29493498802185
0.30971503257751
0.30593419075012
0.29103016853333
0.29522204399109
0.3526918888092
0.30166888237
0.29004788398743
0.35874009132385
0.34277391433716
0.32503795623779
0.27727699279785
0.29360914230347
0.28704500198364
0.28234481811523
0.40970897674561
0.28195714950562
0.29374098777771
0.48877000808716
0.28807282447815
0.2629189491272
0.28637599945068
0.42418599128723
0.30849313735962
0.31308698654175
0.33227682113647
0.31380796432495
0.30737090110779
0.29180908203125
0.2768440246582
0.29406094551086
0.28211092948914
0.28414797782898
0.2717719078064
0.32201409339905
0.26666712760925
0.32181406021118
0.29509687423706
0.37806701660156
0.30024886131287
0.38076400756836
0.34592700004578
0.28924298286438
0.27613806724548
0.28843903541565
0.32926297187805
0.32422089576721
0.26928806304932
0.32037591934204
0.47144889831543
0.3380331993103
0.37996506690979
0.37176108360291
0.32661509513855
0.39096212387085
0.34583902359009
0.44210195541382
0.36847901344299
0.38780307769775
0.42968606948853
0.34978413581848
0.29967188835144
0.29687094688416
0.29395294189453
0.29738998413086
0.42225003242493
0.59020805358887
0.53023481369019
0.30995798110962
0.51330280303955
0.33155798912048
0.39748907089233
0.285236120224
0.37128806114197
0.31761908531189
0.32928800582886
0.31083488464355
0.3561749458313
0.32936596870422
0.35523819923401
0.37689089775085
0.38254404067993
0.33760404586792
0.35785889625549
0.31361103057861
0.4075448513031
0.4206850528717
0.40415787696838
0.38919520378113
0.36235690116882
0.34238982200623
0.29858112335205
0.33307409286499
0.3021080493927
0.34878897666931
0.34184002876282
0.37280178070068
0.39040613174438
0.63349986076355
0.3258969783783
0.49440598487854
0.39698696136475
0.45079803466797
0.43306303024292
0.48520278930664
0.28973412513733
0.29881906509399
0.28835797309875
0.31551909446716
0.30336213111877
0.35097408294678
0.30663013458252
0.29355311393738
0.3735659122467
0.29823017120361
0.30506587028503
0.31178593635559
0.29907417297363
0.33620190620422
0.30872797966003
0.35011196136475
0.34583115577698
0.32649993896484
0.33679509162903
0.41672706604004
0.31735396385193
0.33368682861328
0.58843207359314
0.31299209594727
0.35093688964844
0.3104419708252
0.47152495384216
0.56253004074097
0.37115693092346
0.53784680366516
0.6876049041748
0.44325995445251
0.34993004798889
0.32770085334778
0.39858198165894
0.38272380828857
0.41591691970825
0.3122889995575
0.34497904777527
0.36066603660583
0.34876489639282
0.36735510826111
0.33592391014099
0.3812370300293
0.38509798049927
0.35662007331848
0.34392285346985
0.34889578819275
0.34926199913025
0.36024594306946
0.36921095848083
0.38034009933472
0.36445498466492
0.35593914985657
0.39099502563477
0.41336297988892
0.36420297622681
0.35009384155273
0.40289711952209
0.35334992408752
0.39469408988953
0.47178983688354
0.32835292816162
0.31239199638367
0.29813385009766
0.31076216697693
0.30443286895752
0.31556391716003
0.30737495422363
0.34959888458252
0.38088893890381
0.30825591087341
0.45247507095337
0.29687190055847
0.29108500480652
0.30436682701111
0.40920996665955
0.30701589584351
0.31282091140747
0.43573117256165
0.40984606742859
0.56946396827698
0.40427494049072
0.39260411262512
0.39823007583618
0.45346903800964
0.65304589271545
0.32965493202209
0.34045910835266
0.31247091293335
0.34074306488037
0.34001684188843
0.32348704338074
0.38588500022888
0.55302906036377
0.47347593307495
0.39015293121338
0.30700993537903
0.35322713851929
0.3815598487854
0.38874912261963
0.4968409538269
0.33117604255676
0.34150505065918
0.36307096481323
0.30319094657898
0.30536389350891
0.39702987670898
0.46501302719116
0.419517993927
0.40974402427673
0.39112782478333
0.43557691574097
0.42042589187622
0.43764495849609
0.42337608337402
0.44061899185181
0.37651205062866
0.44630599021912
0.40157508850098
0.41202688217163
0.37352204322815
0.38392615318298
0.33520579338074
0.36831784248352
0.33887195587158
0.34939885139465
0.43395686149597
0.35726499557495
0.34892916679382
0.35040497779846
0.34859085083008
0.33751487731934
0.33693194389343
0.33824706077576
0.43455195426941
0.38521099090576
0.4677939414978
0.53430604934692
0.53403806686401
0.43428707122803
0.42998790740967
0.45280313491821
0.41653084754944
0.38336801528931
0.40509009361267
0.41905093193054
0.38531494140625
0.41623115539551
0.37425899505615
0.43386101722717
0.4278130531311
0.41969799995422
0.46208906173706
0.32823610305786
0.40701794624329
0.37383580207825
0.42940783500671
0.34433507919312
0.35079097747803
0.47907400131226
0.34475302696228
0.46437096595764
0.38830208778381
0.37733507156372
0.3486909866333
0.34984588623047
0.37660908699036
0.33708095550537
0.41673517227173
0.37433099746704
0.45941090583801
0.4494640827179
0.43948602676392
0.33037209510803
0.50376105308533
0.3840708732605
0.28822898864746
0.41774702072144
0.34420609474182
0.33999109268188
0.32885003089905
0.33383321762085
0.38332009315491
0.28652501106262
0.31815814971924
0.2879319190979
0.3022780418396
0.29430294036865
0.30312299728394
0.29441499710083
0.2913122177124
0.29611992835999
0.27854609489441
0.29536509513855
0.29016709327698
0.27014589309692
0.49103498458862
0.42999601364136
0.41381502151489
0.35471701622009
0.28746199607849
0.29055309295654
0.30368185043335
0.29772782325745
0.30255794525146
0.26926398277283
0.31026792526245
0.30377912521362
0.31454706192017
0.27929306030273
0.28290987014771
0.28559994697571
0.27689695358276
0.34184002876282
0.29254603385925
0.30183720588684
0.28616499900818
0.29904913902283
0.28046011924744
0.2994589805603
0.4148211479187
0.34816694259644
0.37813901901245
0.34380698204041
0.33403706550598
0.29586291313171
0.46481394767761
0.29989314079285
0.29860305786133
0.34837603569031
0.29966807365417
0.32649207115173
0.31888914108276
0.29900717735291
0.32263207435608
0.40937900543213
0.34134101867676
0.34697699546814
0.33627104759216
0.34602308273315
0.33672595024109
0.35106086730957
0.30254197120667
0.29023885726929
0.34652614593506
0.3324761390686
0.33539199829102
0.35673689842224
0.36474418640137
0.41141986846924
0.41513013839722
0.34918904304504
0.34019613265991
0.33824300765991
0.38418793678284
0.34532308578491
0.27636814117432
0.42843985557556
0.35230803489685
0.35088706016541
0.29555797576904
0.34353995323181
0.48398900032043
0.38402795791626
0.42038083076477
0.3841290473938
0.39436984062195
0.43879413604736
0.3902530670166
0.42463994026184
0.30279397964478
0.26591610908508
0.29690718650818
0.38633584976196
0.34229516983032
0.34260416030884
0.34222197532654
0.35053610801697
0.36999416351318
0.33624196052551
0.33344888687134
0.33584785461426
0.30175685882568
0.371661901474
0.3323700428009
0.34695196151733
0.3419508934021
0.34851598739624
0.34794998168945
0.36330699920654
0.36781311035156
0.42381691932678
0.44591522216797
0.4612889289856
0.39569401741028
0.42032694816589
0.38310503959656
0.37532615661621
0.38786578178406
0.42693781852722
0.50823402404785
0.4353609085083
0.43627500534058
0.33312511444092
0.34714221954346
0.50364303588867
0.36959290504456
0.35237812995911
0.39475798606873
0.40495896339417
0.44779300689697
0.35564708709717
0.40223503112793
0.54412698745728
0.39180898666382
0.39907002449036
0.42436408996582
0.48101782798767
0.38735103607178
0.38452196121216
0.39599895477295
0.43655204772949
0.48935699462891
0.34471797943115
0.34297204017639
0.34082698822021
0.35480499267578
0.44618892669678
0.33943700790405
0.3591639995575
0.3486499786377
0.33601498603821
0.38752102851868
0.48243093490601
0.41802191734314
0.3357560634613
0.33753609657288
0.35035681724548
0.40778994560242
0.34036588668823
0.35480308532715
0.34450793266296
0.27797698974609
0.32170104980469
0.32779908180237
0.32914900779724
0.41093802452087
0.34563994407654
0.33914399147034
0.38140487670898
0.57066702842712
0.42567896842957
0.48804211616516
0.4714789390564
0.37471103668213
0.30457997322083
0.30954504013062
0.28642916679382
0.30793905258179
0.39346599578857
0.38396191596985
0.34239602088928
0.3374080657959
0.35806894302368
0.38178110122681
0.38190579414368
0.39154815673828
0.39692187309265
0.40047788619995
0.37222409248352
0.41697406768799
0.57271194458008
0.38412809371948
0.37877988815308
0.36956405639648
0.4205470085144
0.42287802696228
0.40979599952698
0.38230586051941
0.39649391174316
0.37883019447327
0.43654894828796
0.44782614707947
0.38254594802856
0.47948622703552
0.5974018573761
0.28802108764648
0.42685198783875
0.38085293769836
0.40112900733948
0.39404797554016
0.33510804176331
0.44283699989319
0.53084492683411
0.47161197662354
0.53276109695435
0.42763090133667
0.41999578475952
0.39763998985291
0.4286630153656
0.44014501571655
0.47285604476929
0.38096714019775
0.3929591178894
0.45003294944763
0.44208717346191
0.51786994934082
0.54384183883667
0.48275089263916
0.37693619728088
0.41151785850525
0.37166595458984
0.42372488975525
0.44248604774475
0.44798111915588
0.34728622436523
0.34492301940918
0.29109001159668
0.29012393951416
0.4006609916687
0.38923597335815
0.29388689994812
0.29310894012451
0.29091191291809
0.35399723052979
0.28864407539368
0.28612899780273
0.35956597328186
0.29637598991394
0.28274321556091
0.29306316375732
0.29551601409912
0.35457491874695