Nucleotide	UScore
4	2.244
5	1.738
6	0.371
7	0.554
8	0.774
9	0.456
10	1.368
11	1.074
12	0
13	2.898
14	1.859
15	0
16	1.074
17	1.991
18	0
19	9.574
20	11.386
21	0
22	12.494
23	1.639
24	0
25	1.941
26	0.91
27	0.215
28	1.568
29	0.91
30	0.215
31	2.277
32	1.598
33	0
34	0.661
35	1.379
36	0.251
37	0.831
38	2.61
39	1.019
40	3.375
41	1.378
42	0
43	3.184
44	1.743
45	0.364
46	1.507
47	2.61
48	1.019
49	2.898
50	1.859
51	0
52	2.273
53	3.109
54	2.898
55	0.52
56	1.256
57	0.711
58	0.764
59	0.831
60	0.251
61	2.61
62	1.368
63	0.414
64	0.855
65	0.774
66	0.474
67	1.568
68	0.539
69	0.772
70	2.07
71	3.375
72	0.242
73	1.681
74	1.999
75	0
76	3.184
77	1.368
78	0.414
79	2.578
82	0.57
83	2.578
84	0
85	1.868
86	0.539
87	0.772
88	0.562
89	1.066
90	0.799
91	1.738
92	1.368
93	0.633
94	1.293
95	0.566
96	0.838
97	1.868
98	0.91
99	0.336
100	1.367
101	2.007
102	0
103	3.375
104	1.378
105	0
106	1.647
107	1.681
108	0
109	1.872
110	2.22
111	0
112	0.709
113	0.566
114	0.772
115	2.07
116	3.375
117	0.323
118	2.229
119	1.141
120	0.688
121	1.66
122	1.872
123	0.661
124	3.184
125	1.86
126	1.817
127	1.743
128	1.195
129	0.554
130	1.247
131	2.898
132	0.192
133	1.293
136	1.743
137	1.195
138	0.554
139	1.247
140	2.898
141	0.192
142	3.184
143	3.109
144	2.898
145	0.65
146	2.578
147	0
148	0.764
149	0.831
150	0.336
151	1.451
152	1.991
153	0
154	1.074
155	1.647
156	0
157	1.379
158	1.182
159	0.688
160	0.665
161	1.256
162	0.711
163	0.764
164	0.566
165	0.711
166	0.764
167	0.831
168	0.215
169	2.48
170	2.712
171	0
172	1.724
173	2.007
174	0
175	0.768
176	1.063
177	0
178	0.661
179	1.256
180	0.772
181	2.07
182	3.375
183	0.242
184	1.681
185	2.007
186	0
187	0.554
188	0.774
189	0.456
190	3.109
191	3.375
192	0.38
193	1.353
194	0.566
195	0.711
196	0.91
197	2.61
198	1.019
199	2.229
200	1.738
201	0.463
202	2.273
203	1.86
204	1.036
205	1.182
206	1.367
207	0
208	1.293
209	0.831
210	0.251
211	0.444
214	0.539
215	1.376
216	0.713
217	0.577
218	1.563
219	0
220	0.661
221	1.379
222	0.215
223	1.568
224	0.91
225	0.251
226	0.566
227	2.277
228	0.676
229	1.245
230	10.44
231	0
232	0.321
233	1.871
234	0.713
235	1.743
236	1.195
237	0.623
238	1.424
239	2.277
240	0.613
241	1.045
242	1.379
243	0.336
244	1.451
245	1.991
246	0
247	3.375
248	1.639
249	0
250	1.941
251	0.91
252	0.215
253	1.568
254	0.539
255	0.562
256	0.65
257	1.563
258	0
259	0.371
260	1.066
261	0.799
262	0.764
263	0.831
264	0.251
265	2.61
266	1.368
267	0.633
268	3.184
269	1.743
270	0.375
271	1.247
272	3.375
273	0.323
274	2.898
275	1.859
276	0
277	1.195
278	1.195
279	0.181
280	1.045
281	1.256
282	0.562
283	1.859
284	1.991
285	0
286	2.229
287	1.141
288	0.661
289	1.872
290	2.22
291	0
292	2.48
293	3.485
294	0
295	0.554
296	1.066
297	0.789
298	1.868
299	0.539
300	0.772
303	0
304	2.898
305	1.519
306	0
307	0.831
308	1.182
309	0.661
310	1.256
311	1.376
312	0.65
313	1.563
314	2.273
315	0
316	1.507
317	2.61
318	0.371
319	1.195
320	1.195
321	0.507
322	2.898
323	1.519
324	0
325	0.709
326	0.831
327	0.251
328	0.709
329	0.566
330	0.838
331	1.868
332	0.91
333	0.251
334	0.831
335	2.61
336	0.463
337	1.507
338	1.182
339	0.693
340	1.647
341	1.074
342	0
343	1.681
344	2.007
345	0
346	1.941
347	0.91
348	0.336
349	2.22
350	3.184
351	0.575
352	0.57
353	1.563
354	0
355	0.709
356	0.831
357	0.215
358	1.871
359	1.738
360	1.019
361	1.941
362	0.91
363	0.215
364	2.277
365	1.639
366	0
367	0.768
368	1.074
369	0
370	2.273
371	1.368
372	0.633
373	3.184
374	1.368
375	0.426
376	0.665
377	1.379
378	0.251
379	0.566
380	2.277
381	0.676
382	2.273
383	3.109
384	2.437
385	2.712
386	2.649
387	0
388	1.563
389	1.245
390	0
391	0.808
392	1.871
393	0.312
394	0.831
395	1.182
396	0.688
397	9.644
398	12.494
399	0
400	2.898
401	1.724
402	0
403	1.293
404	0.831
405	0.251
406	0.351
407	1.871
408	0.526
409	1.451
410	1.991
411	0
412	0.57
413	1.563
414	0
415	0.661
416	1.256
417	0.711
418	0.539
419	2.277
420	0.693
421	1.941
422	0.91
423	0.336
424	1.367
425	1.999
426	0
427	12.682
428	0.91
429	0.251
430	0.831
431	2.61
432	0.575
433	1.681
434	2.007
435	0
436	0.768
437	1.681
438	0
439	0.855
440	1.066
443	1.256
444	0.838
445	1.868
446	0.91
447	0.251
448	1.182
449	1.367
450	0
451	1.256
452	2.277
453	0.613
454	1.074
455	1.647
456	0
457	1.256
458	2.277
459	0.693
460	3.375
461	1.378
462	0
463	0.665
464	1.379
465	0.336
466	1.451
467	1.647
468	0
469	1.647
470	1.074
471	0
472	1.507
473	1.182
474	0.688
475	2.007
476	1.991
477	0
478	2.071
479	2.244
480	0
481	1.182
482	1.451
483	0
484	3.375
485	2.07
486	0
487	0.321
488	1.871
489	0.312
490	1.182
491	1.451
492	0
493	0.57
494	2.578
495	0
496	0.441
497	2.48
498	0.813
499	1.141
500	2.22
501	0
502	0.709
503	0.566
504	0.562
505	0.52
506	1.256
507	0.562
508	7.34
509	15.063
510	0
511	1.738
512	1.86
513	0.975
514	0.661
515	1.379
516	0.336
517	1.367
518	2.007
519	0
520	1.045
521	1.379
522	0.251
523	0.709
524	0.566
525	0.711
526	1.141
527	10.44
528	0
529	1.378
530	1.074
531	0
532	3.375
533	1.378
534	0
535	1.563
536	1.245
537	0
538	3.184
539	1.743
540	0.326
541	1.941
542	0.91
543	0.328
544	0.371
545	1.066
546	0.789
549	0
550	1.368
551	1.074
552	0
553	2.229
554	1.738
555	0.371
556	0.768
557	1.074
558	0
559	0.768
560	1.074
561	0
562	1.941
563	0.91
564	0.215
565	1.871
566	1.738
567	0.463
568	1.245
569	1.367
570	0
571	12.494
572	1.639
573	0
574	1.507
575	2.61
576	0.463
577	1.353
578	0.566
579	0.838
580	2.649
581	1.519
582	0
583	1.182
584	1.451
585	0
586	1.397
587	2.273
588	0
589	1.247
590	2.898
591	0.192
592	1.256
595	3.375
596	2.07
597	0
598	2.364
599	2.244
600	0
601	1.871
602	1.738
603	0.575
604	1.045
605	1.379
606	0.215
607	1.568
608	0.91
609	0.328
610	0.371
611	1.066
612	1.209
613	0.562
614	0.774
615	0.27
616	0.661
617	1.379
618	0.251
619	2.61
620	1.368
621	0.633
622	1.872
623	1.367
624	0
625	1.999
626	2.007
627	0
628	1.045
629	1.379
630	0.215
631	2.159
632	2.244
633	0
634	1.182
635	1.367
636	0
637	0.84
638	2.48
639	0.907
640	2.244
641	1.738
642	1.019
643	1.941
644	0.91
645	0.251
646	2.61
647	1.368
648	0.633
649	1.256
650	2.277
651	0.562
652	0.554
653	1.066
654	0.789
655	2.244
656	1.738
657	0.371
658	0.768
659	1.074
660	0
661	2.898
662	1.519
663	0
664	0.709
665	0.831
666	0.251
667	0.709
668	0.566
669	0.838
672	0
673	2.898
674	1.859
675	0
676	1.247
677	3.375
678	0.323
679	1.941
680	0.91
681	0.328
682	1.743
683	1.195
684	0.554
685	0.768
686	1.074
687	0
688	1.941
689	0.539
690	0.711
691	1.141
692	10.44
693	0
694	2.244
695	1.738
696	1.019
697	3.375
698	1.598
699	0
700	1.182
701	2.22
702	0
703	0.831
704	2.61
705	0.463
706	1.245
707	1.451
708	0
709	1.941
710	0.91
711	0.336
712	2.22
713	3.184
714	0.575
715	2.108
716	3.184
717	0.575
718	1.045
719	1.379
720	0.336
721	1.367
722	1.999
723	0
724	1.256
725	2.277
726	0.676
727	1.507
728	2.61
729	0.463
730	1.507
731	2.61
732	1.019
733	2.229
734	1.738
735	0.371
736	0.554
737	1.066
738	0.799
739	0.91
740	1.182
741	0.661
742	1.872
743	1.367
744	0
745	1.872
746	1.451
747	0
748	1.941
749	0.539
750	0.711
751	0.764
752	0.566
753	0.562
754	8.353
755	12.494
756	0
757	2.898
758	1.519
759	0
760	1.376
761	1.859
762	0
763	1.941
764	0.539
765	0.711
766	0.441
767	2.48
768	0.988
769	1.519
770	3.184
771	0.575
772	1.681
773	1.66
774	0
775	1.568
776	0.91
777	0.251
778	0.709
779	0.566
780	0.772
781	1.598
782	2.273
783	0
784	1.045
785	1.256
786	0.838
787	2.712
788	3.485
789	0
790	1.424
791	2.277
792	0.562
793	0.768
794	1.074
795	0
796	3.375
797	1.639
798	0
799	0.768
800	1.063
801	0
802	0.831
803	1.182
804	0.693
805	0.855
806	1.066
807	1.286
808	1.519
809	3.184
810	1.019
811	3.375
812	2.07
813	0
814	1.868
815	0.539
816	0.562
817	1.724
818	1.66
819	0
820	3.109
821	3.375
822	0.323
823	2.437
824	2.649
825	0
826	1.872
827	2.22
828	0
829	0.831
830	2.61
831	0.463
832	1.245
833	1.451
834	0
835	2.108
836	3.184
837	1.019
838	2.898
839	1.724
840	0
841	1.256
842	1.376
843	0.65
844	1.647
845	1.063
846	0
847	0.371
848	0.774
849	0.27
850	0.661
851	1.256
852	0.562
853	1.519
854	3.184
855	1.019
856	1.941
857	0.539
858	0.711
859	0.91
860	1.182
861	0.661
862	1.256
863	1.376
864	0.52
865	1.256
866	2.277
867	0.562
868	0.554
869	0.774
870	0.456
871	0.371
872	0.774
873	0.27
874	1.451
875	1.647
876	0
877	1.872
878	1.451
879	0
880	1.353
881	0.831
882	0.215
883	1.871
884	1.141
885	0.661
886	0.808
887	1.871
888	0.312
889	2.61
890	3.109
891	2.229
892	0.91
893	2.61
894	1.019
895	3.375
896	1.598
897	0
898	1.568
899	0.91
900	0.251
901	0.709
902	0.566
903	0.838
904	2.649
905	1.859
906	0
907	1.941
908	0.91
909	0.328
910	1.743
911	0.768
912	0.57
913	2.578
914	3.375
915	0.38
916	1.507
917	2.61
918	0.463
919	1.353
920	0.831
921	0.251
922	0.566
923	1.376
924	0.52
925	1.293
926	0.831
927	0.336
928	0.661
929	1.256
930	0.562
931	1.724
932	2.007
933	0
934	2.437
935	2.649
936	0
937	0.855
938	0.774
939	0.474
940	1.376
941	1.519
942	0
943	0.444
944	2.48
945	0.813
946	0.539
947	1.376
948	0.713
949	0.665
950	1.379
951	0.336
952	2.22
953	3.184
954	0.463
955	1.507
956	1.182
957	0.661
958	0.808
959	1.871
960	0.713
961	3.109
962	0.789
963	0.907
964	2.649
965	1.859
966	0
967	2.071
968	2.244
969	0
970	0.566
971	2.277
972	0.676
973	1.353
974	0.566
975	0.838
976	1.868
977	0.91
978	0.251
979	1.182
980	2.22
981	0
982	3.109
983	3.375
984	0.38
985	1.507
986	2.61
987	1.019
988	2.229
989	1.738
990	0.463
991	1.137
992	2.48
993	0.988
994	7.34
995	15.063
996	0
997	1.141
998	1.451
999	0
1000	1.681
1001	1.999
1002	0
1003	1.256
1004	1.376
1005	0.52
1006	1.872
1007	2.22
1008	0
1009	1.568
1010	0.91
1011	0.251
1012	0.709
1013	0.831
1014	0.251
1015	0.709
1016	0.566
1017	0.838
1018	3.485
1019	1.598
1020	0
1021	1.871
1022	1.738
1023	0.575
1024	0.57
1025	2.578
1026	0
1027	0.91
1028	2.61
1029	1.019
1030	2.898
1031	1.859
1032	0
1033	2.229
1034	1.738
1035	0.575
1036	1.681
1037	1.999
1038	0
1039	0.577
1040	2.578
1041	0
1042	2.07
1043	3.375
1044	0.323
1045	1.941
1046	0.539
1047	0.711
1048	0.321
1049	1.871
1050	0.312
1051	0.709
1052	0.831
1053	0.215
1054	1.568
1055	0.91
1056	0.328
1057	3.109
1058	0.789
1059	0.813
1060	0.91
1061	2.61
1062	0.463
1063	1.353
1064	0.566
1065	0.562
1066	0.52
1067	1.256
1068	0.711
1069	0.764
1070	0.831
1071	0.336
1072	0.693
1073	2.578
1074	0
1075	1.724
1076	1.66
1077	0
1078	3.109
1079	2.898
1080	0.26
1081	1.647
1082	1.063
1083	0
1084	1.568
1085	0.539
1086	0.711
1087	0.91
1088	2.61
1089	0.575
1090	1.681
1091	2.007
1092	0
1093	0.95
1094	1.871
1095	0.218
1096	1.871
1097	1.738
1098	0.463
1099	1.245
1100	1.451
1101	0
1102	1.941
1103	0.91
1104	0.215
1105	1.871
1106	1.738
1107	1.019
1108	3.375
1109	1.639
1110	0
1111	1.681
1112	2.007
1113	0
1114	1.247
1115	0.789
1116	0.813
1117	1.738
1118	1.86
1119	1.036
1120	1.182
1121	2.22
1122	0
1123	0.693
1124	1.563
1125	0
1126	0.831
1127	2.61
1128	0.463
1129	1.424
1130	1.376
1131	0.52
1132	1.256
1133	1.376
1134	0.52
1135	3.184
1136	1.743
1137	0.109
1138	1.045
1139	1.256
1140	0.711
1141	0.764
1142	0.831
1143	0.215
1144	2.277
1145	1.639
1146	0
1147	1.507
1148	2.61
1149	1.019
1150	1.941
1151	0.539
1152	0.772
1153	2.07
1154	0.789
1155	1.696
1156	1.639
1157	1.195
1158	0.554
1159	0.768
1160	1.681
1161	0
1162	0.808
1163	1.871
1164	0.312
1165	0.566
1166	2.277
1167	0.693
1168	2.229
1169	1.738
1170	1.019
1171	1.941
1172	0.91
1173	0.336
1174	0.693
1175	2.578
1176	0
1177	0.562
1178	0.774
1179	0.474
1180	2.48
1181	3.485
1182	0
1183	0.768
1184	1.074
1185	0
1186	2.229
1187	1.738
1188	1.019
1189	2.229
1190	1.141
1191	0.693
1192	1.647
1193	1.063
1194	0
1195	2.22
1196	3.184
1197	1.019
1198	2.229
1199	1.738
1200	1.019
1201	2.437
1202	2.712
1203	0
1204	1.868
1205	0.539
1206	0.772
1207	1.378
1208	1.074
1209	0
1210	1.941
1211	0.91
1212	0.328
1213	1.368
1214	1.063
1215	0
1216	0.831
1217	2.61
1218	1.019
1219	2.898
1220	1.724
1221	0
1222	1.293
1223	0.831
1224	0.215
1225	2.277
1226	1.598
1227	0
1228	1.376
1229	1.859
1230	0
1231	2.229
1232	1.738
1233	1.019
1234	3.375
1235	1.598
1236	0
1237	0.371
1238	1.066
1239	0.789
1240	2.244
1241	1.141
1242	1.753
1243	12.494
1244	1.639
1245	0
1246	0.57
1247	1.563
1248	0
1249	0.831
1250	2.61
1251	1.019
1252	1.941
1253	0.539
1254	0.838
1255	3.485
1256	1.598
1257	0
1258	1.871
1259	1.738
1260	1.019
1261	1.941
1262	0.91
1263	0.328
1264	1.86
1265	2.273
1266	0
1267	0.768
1268	1.074
1269	0
1270	2.437
1271	3.485
1272	0
1273	0.768
1274	1.074
1275	0
1276	0.768
1277	1.063
1278	0
1279	1.568
1280	0.539
1281	0.711
1282	0.764
1283	0.831
1284	0.251
1285	2.61
1286	1.86
1287	0.95
1288	1.871
1289	1.141
1290	0.693
1291	0.855
1292	0.774
1293	0.27
1294	0.693
1295	2.578
1296	0
1297	2.649
1298	1.724
1299	0
1300	1.256
1301	2.277
1302	0.693
1303	2.229
1304	1.738
1305	0.575
1306	1.681
1307	2.007
1308	0
1309	2.108
1310	3.184
1311	1.019
1312	1.941
1313	0.539
1314	0.838
1315	2.649
1316	1.859
1317	0
1318	0.554
1319	0.774
1320	0.471
1321	2.61
1322	1.86
1323	1.817
1324	3.109
1325	3.375
1326	0.38
1327	1.353
1328	0.831
1329	0.251
1330	0.566
1331	2.277
1332	0.693
1333	1.941
1334	0.91
1335	0.251
1336	0.351
1337	1.871
1338	0.218
1339	2.277
1340	1.639
1341	0
1342	2.108
1343	1.872
1344	0.693
1345	1.647
1346	1.681
1347	0
1348	1.293
1349	0.831
1350	0.328
1351	1.368
1352	1.063
1353	0
1354	2.277
1355	1.598
1356	0
1357	1.568
1358	0.539
1359	0.711
1360	0.539
1361	2.277
1362	0.676
1363	1.507
1364	2.61
1365	0.463
1366	2.273
1367	1.743
1368	0.326
1369	1.941
1370	0.91
1371	0.215
1372	1.871
1373	1.141
1374	0.661
1375	1.293
1376	0.831
1377	0.251
1378	2.61
1379	1.86
1380	1.817
1381	1.743
1382	1.195
1383	0.507
1384	2.437
1385	2.712
1386	0
1387	0.764
1388	0.831
1389	0.251
1390	1.182
1391	1.367
1392	0
1393	1.563
1394	2.273
1395	0
1396	9.024
1397	15.063
1398	0
1399	0.764
1400	0.566
1401	0.711
1402	0.764
1403	0.566
1404	0.838
1405	2.649
1406	1.519
1407	0
1408	0.566
1409	1.376
1410	0.713
1411	2.007
1412	1.647
1413	0
1414	1.999
1415	1.999
1416	0
1417	1.379
1418	1.182
1419	0.693
1420	0.855
1421	0.774
1422	0.471
1423	0.566
1424	1.376
1425	0.713
1426	1.66
1427	3.184
1428	1.019
1429	3.375
1430	1.598
1431	0
1432	1.182
1433	1.451
1434	0
1435	1.941
1436	0.91
1437	0.251
1438	0.831
1439	2.61
1440	0.575
1441	0.57
1442	1.563
1443	0
1444	2.61
1445	1.743
1446	0.364
1447	2.273
1448	1.86
1449	0.95
1450	2.159
1451	2.244
1452	0
1453	1.376
1454	1.519
1455	0
1456	1.743
1457	1.195
1458	0.507
1459	3.375
1460	1.639
1461	0
1462	1.245
1463	1.451
1464	0
1465	1.941
1466	0.539
1467	0.562
1468	1.724
1469	1.66
1470	0
1471	0.661
1472	1.256
1473	0.711
1474	1.738
1475	1.86
1476	1.036
1477	2.61
1478	1.86
1479	0.975
1480	0.661
1481	1.379
1482	0.215
1483	1.568
1484	0.539
1485	0.562
1486	8.353
1487	12.494
1488	0
1489	1.681
1490	1.999
1491	0
1492	2.007
1493	1.647
1494	0
1495	1.872
1496	2.22
1497	0
1498	0.831
1499	2.61
1500	0.463
1501	1.353
1502	0.831
1503	0.328
1504	0.371
1505	0.774
1506	0.471
1507	0.709
1508	0.566
1509	0.562
1510	8.353
1511	12.494
1512	0
1513	1.353
1514	0.831
1515	0.251
1516	0.444
1517	2.48
1518	0.813
1519	0.321
1520	1.871
1521	0.526
1522	1.367
1523	2.007
1524	0
1525	1.245
1526	2.22
1527	0
1528	1.368
1529	1.063
1530	0
1531	2.48
1532	2.649
1533	0
1534	2.007
1535	1.991
1536	0
1537	2.108
1538	3.184
1539	0.575
1540	1.681
1541	2.007
1542	0
1543	1.941
1544	0.539
1545	0.838
1546	2.244
1547	1.738
1548	0.371
1549	1.195
1550	1.195
1551	0.623
1552	2.273
1553	1.368
1554	0.633
1555	1.293
1556	0.566
1557	0.711
1558	0.764
1559	0.831
1560	0.215
1561	1.376
1562	1.519
1563	0
1564	1.871
1565	1.738
1566	0.371
1567	0.554
1568	1.066
1569	0.789
1570	2.649
1571	1.519
1572	0
1573	2.277
1574	1.639
1575	0
1576	1.045
1577	1.379
1578	0.251
1579	0.709
1580	0.566
1581	0.711
1582	1.141
1583	1.451
1584	0
1585	1.681
1586	2.007
1587	0
1588	1.941
1589	0.91
1590	0.251
1591	2.61
1592	3.109
1593	2.229
1594	1.738
1595	1.86
1596	1.036
1597	0.831
1598	2.61
1599	0.575
1600	1.045
1601	1.256
1602	0.838
1603	2.364
1604	2.244
1605	0
1606	1.182
1607	1.451
1608	0
1609	1.507
1610	1.182
1611	0.688
1612	0.665
1613	1.379
1614	0.251
1615	1.182
1616	10.44
1617	0
1618	1.868
1619	0.539
1620	0.562
1621	0.52
1622	1.256
1623	0.711
1624	0.91
1625	2.61
1626	1.019
1627	2.437
1628	3.485
1629	0
1630	1.045
1631	1.379
1632	0.215
1633	2.277
1634	2.07
1635	0
1636	1.738
1637	3.109
1638	2.229
1639	0.91
1640	2.61
1641	0.463
1642	2.273
1643	1.743
1644	0.364
1645	1.245
1646	1.451
1647	0
1648	1.507
1649	2.61
1650	0.463
1651	1.424
1652	2.277
1653	0.693
1654	2.437
1655	3.485
1656	0
1657	2.108
1658	3.184
1659	1.019
1660	1.941
1661	0.539
1662	0.711
1663	0.91
1664	2.61
1665	0.463
1666	1.353
1667	0.831
1668	0.251
1669	1.182
1670	2.22
1671	0
1672	0.709
1673	0.831
1674	0.215
1675	2.48
1676	3.485
1677	0
1678	2.229
1679	1.738
1680	0.371
1681	0.768
1682	1.074
1683	0
1684	2.273
1685	1.743
1686	0.109
1687	1.045
1688	1.256
1689	0.711
1690	0.91
1691	2.61
1692	1.019
1693	1.941
1694	0.539
1695	0.711
1696	0.764
1697	0.831
1698	0.251
1699	0.831
1700	2.61
1701	0.575
1702	1.681
1703	2.007
1704	0
1705	1.507
1706	1.182
1707	0.688
1708	1.999
1709	1.66
1710	0
1711	2.61
1712	1.86
1713	0.95
1714	1.568
1715	0.91
1716	0.328
1717	1.368
1718	1.063
1719	0
1720	1.451
1721	1.647
1722	0
1723	12.682
1724	0.91
1725	0.251
1726	0.709
1727	0.831
1728	0.215
1729	1.568
1730	0.91
1731	0.328
1732	1.368
1733	1.074
1734	0
1735	2.898
1736	1.859
1737	0
1738	1.195
1739	0.768
1740	1.045
1741	1.293
1742	0.831
1743	0.251
1744	1.182
1745	10.44
1746	0
1747	0.764
1748	0.831
1749	0.215
1750	1.376
1751	1.859
1752	0
1753	1.941
1754	0.91
1755	0.336
1756	1.367
1757	2.007
1758	0
1759	2.273
1760	1.86
1761	1.036
1762	0.566
1763	1.376
1764	0.52
1765	1.256
1766	1.376
1767	0.52
1768	1.256
1769	2.277
1770	0.676
1771	2.273
1772	1.86
1773	1.036
1774	0.566
1775	1.376
1776	0.52
1777	1.379
1778	2.61
1779	0.463
1780	2.273
1781	3.109
1782	2.437
1783	1.868
1784	0.91
1785	0.336
1786	1.451
1787	1.647
1788	0
1789	12.682
1790	0.91
1791	0.328
1792	0.371
1793	0.774
1794	0.471
1795	0.831
1796	2.61
1797	0.463
1798	2.273
1799	1.368
1800	0.426
1801	1.66
1802	1.872
1803	0.661
1804	1.379
1805	2.61
1806	0.371
1807	0.768
1808	1.063
1809	0
1810	0.709
1811	0.831
1812	0.215
1813	1.376
1814	1.519
1815	0
1816	1.367
1817	2.007
1818	0
1819	1.353
1820	0.831
1821	0.251
1822	0.709
1823	0.566
1824	0.711
1825	0.91
1826	2.61
1827	0.463
1828	1.137
1829	2.48
1830	0.988
1831	0.65
1832	2.578
1833	0
1834	0.441
1835	2.48
1836	0.813
1837	0.441
1838	2.48
1839	0.813
1840	0.764
1841	0.566
1842	0.772
1843	1.378
1844	1.074
1845	0
1846	0.768
1847	1.074
1848	0
1849	1.245
1850	1.367
1851	0
1852	0.84
1853	2.48
1854	0.988
1855	1.519
1856	3.184
1857	0.463
1858	2.273
1859	1.743
1860	0.109
1861	2.108
1862	3.184
1863	1.019
1864	2.898
1865	8.353
1866	0
1867	1.859
1868	1.991
1869	0
1870	1.941
1871	0.91
1872	0.336
1873	0.693
1874	1.563
1875	0
1876	2.277
1877	1.598
1878	0
1879	2.277
1880	1.378
1881	0
1882	1.256
1883	2.277
1884	0.676
1885	0.95
1886	1.871
1887	0.312
1888	0.831
1889	2.61
1890	0.575
1891	0.57
1892	1.563
1893	0
1894	0.566
1895	1.376
1896	0.713
1897	1.999
1898	1.66
1899	0
1900	1.367
1901	2.007
1902	0
1903	1.507
1904	2.61
1905	0.371
1906	1.247
1907	3.375
1908	0.38
1909	1.245
1910	1.451
1911	0
1912	1.941
1913	0.91
1914	0.328
1915	0.371
1916	1.066
1917	1.286
1918	0.52
1919	1.379
1920	0.251
1921	2.61
1922	1.743
1923	0.326
1924	2.229
1925	1.738
1926	0.463
1927	1.424
1928	2.277
1929	0.562
1930	1.247
1931	3.375
1932	0.223
1933	0.768
1934	1.074
1935	0
1936	1.424
1937	1.376
1938	0.52
1939	1.256
1940	2.277
1941	0.693
1942	1.941
1943	0.91
1944	0.215
1945	1.568
1946	0.539
1947	0.711
1948	1.738
1949	1.86
1950	1.036
1951	0.709
1952	0.566
1953	0.711
1954	0.764
1955	0.831
1956	0.251
1957	0.709
1958	0.831
1959	0.251
1960	0.709
1961	0.566
1962	0.772
1963	1.598
1964	1.245
1965	0
1966	1.379
1967	1.182
1968	0.688
1969	0.665
1970	1.379
1971	0.251
1972	2.61
1973	3.109
1974	2.898
1975	1.724
1976	1.66
1977	0
1978	2.277
1979	1.378
1980	0
1981	0.84
1982	2.48
1983	0.988
1984	1.519
1985	1.872
1986	0.661
1987	1.256
1988	1.376
1989	0.52
1990	0.808
1991	1.871
1992	0.312
1993	0.831
1994	1.182
1995	0.688
1996	0.577
1997	1.563
1998	0
1999	0.661
2000	1.379
2001	0.336
2002	1.451
2003	1.647
2004	0
2005	3.184
2006	3.109
2007	2.437
2008	1.868
2009	0.91
2010	0.215
2011	2.48
2012	3.485
2013	0
2014	1.353
2015	0.831
2016	0.215
2017	1.568
2018	0.91
2019	0.336
2020	1.367
2021	2.007
2022	0
2023	2.898
2024	1.519
2025	0
2026	1.182
2027	1.451
2028	0
2029	2.071
2030	2.244
2031	0
2032	1.376
2033	1.724
2034	0
2035	1.293
2036	0.566
2037	0.711
2038	0.764
2039	0.566
2040	0.711
2041	0.539
2042	2.277
2043	0.676
2044	1.507
2045	1.182
2046	0.661
2047	1.293
2048	0.566
2049	0.562
2050	1.724
2051	1.66
2052	0
2053	0.831
2054	2.61
2055	1.019
2056	1.941
2057	0.91
2058	0.336
2059	0.661
2060	1.256
2061	0.711
2062	1.141
2063	2.22
2064	0
2065	0.566
2066	2.277
2067	0.676
2068	1.353
2069	0.831
2070	0.251
2071	0.351
2072	1.871
2073	0.526
2074	2.22
2075	3.184
2076	1.019
2077	2.229
2078	1.141
2079	0.661
2080	1.256
2081	1.376
2082	1.591
2083	13.533
2084	1.738
2085	0.463
2086	1.245
2087	1.451
2088	0
2089	1.195
2090	0.768
2091	0.654
2092	1.999
2093	1.66
2094	0
2095	1.568
2096	0.539
2097	0.562
2098	0.65
2099	2.578
2100	0
2101	0.764
2102	0.566
2103	0.772
2104	0.562
2105	0.774
2106	0.471
2107	1.182
2108	2.22
2109	0
2110	0.831
2111	2.61
2112	1.019
2113	2.898
2114	1.519
2115	0
2116	1.367
2117	2.007
2118	0
2119	2.437
2120	3.485
2121	0
2122	0.768
2123	1.074
2124	0
2125	1.195
2126	1.195
2127	0.623
2128	1.245
2129	1.451
2130	0
2131	1.353
2132	0.566
2133	0.772
2134	2.07
2135	3.375
2136	0.223
2137	0.768
2138	1.063
2139	0
2140	0.831
2141	2.61
2142	0.463
2143	1.245
2144	1.367
2145	0
2146	1.256
2147	2.277
2148	0.693
2149	1.941
2150	0.91
2151	0.336
2152	1.451
2153	1.991
2154	0
2155	1.353
2156	0.831
2157	0.215
2158	1.568
2159	0.91
2160	0.328
2161	1.743
2162	1.195
2163	0.507
2164	3.375
2165	1.378
2166	0
2167	1.379
2168	2.61
2169	0.575
2170	1.681
2171	2.007
2172	0
2173	1.424
2174	1.376
2175	0.713
2176	2.007
2177	1.991
2178	0
2179	1.681
2180	1.66
2181	0
2182	0.351
2183	1.871
2184	0.218
2185	1.568
2186	0.91
2187	0.215
2188	1.568
2189	0.91
2190	0.251
2191	0.709
2192	0.831
2193	0.215
2194	1.568
2195	0.91
2196	0.215
2197	1.568
2198	0.539
2199	0.711
2200	0.764
2201	0.831
2202	0.336
2203	0.693
2204	1.563
2205	0
2206	1.568
2207	0.91
2208	0.251
2209	1.182
2210	2.22
2211	0
2212	2.277
2213	1.639
2214	0
2215	1.353
2216	0.831
2217	0.215
2218	2.277
2219	2.07
2220	0
2221	1.378
2222	1.074
2223	0
2224	1.507
2225	2.61
2226	0.463
2227	1.507
2228	2.61
2229	1.019
2230	2.898
2231	1.859
2232	0
2233	1.941
2234	0.91
2235	0.215
2236	1.871
2237	1.141
2238	0.688
2239	1.999
2240	1.999
2241	0
2242	1.293
2243	0.831
2244	0.215
2245	1.871
2246	1.738
2247	0.575
2248	1.074
2249	1.647
2250	0
2251	3.184
2252	3.109
2253	3.375
2254	0.562
2255	0.774
2256	0.471
2257	0.566
2258	2.277
2259	0.693
2260	2.071
2261	2.244
2262	0
2263	1.568
2264	0.91
2265	0.251
2266	0.444
2267	2.48
2268	0.907
2269	3.485
2270	1.639
2271	0
2272	0.554
2273	1.066
2274	1.286
2275	0.52
2276	1.379
2277	0.251
2278	1.182
2279	1.451
2280	0
2281	1.941
2282	0.91
2283	0.251
2284	0.351
2285	1.871
2286	0.713
2287	1.368
2288	1.074
2289	0
2290	3.375
2291	1.598
2292	0
2293	1.568
2294	0.539
2295	0.711
2296	0.539
2297	2.277
2298	0.676
2299	1.424
2300	1.376
2301	0.52
2302	1.256
2303	2.277
2304	0.676
2305	2.273
2306	1.743
2307	0.375
2308	0.768
2309	1.063
2310	0
2311	0.371
2312	1.066
2313	0.789
2314	3.485
2315	1.598
2316	0
2317	1.367
2318	2.007
2319	0
2320	2.437
2321	3.485
2322	0
2323	1.245
2324	1.451
2325	0
2326	2.229
2327	1.738
2328	0.371
2329	1.397
2330	2.273
2331	0
2332	2.437
2333	2.649
2334	0
2335	1.872
2336	1.451
2337	0
2338	1.045
2339	1.256
2340	0.838
2341	1.868
2342	0.91
2343	0.251
2344	0.566
2345	2.277
2346	0.676
2347	2.273
2348	1.368
2349	0.414
2350	1.647
2351	9.024
2352	0
2353	0.562
2354	0.774
2355	0.27
2356	0.693
2357	2.578
2358	0
2359	1.868
2360	0.91
2361	0.215
2362	2.277
2363	1.639
2364	0
2365	1.424
2366	1.376
2367	0.52
2368	1.872
2369	1.451
2370	0
2371	0.57
2372	1.563
2373	0
2374	2.48
2375	2.712
2376	0
2377	0.764
2378	0.566
2379	0.838
2380	2.649
2381	1.519
2382	0
2383	0.709
2384	0.831
2385	0.251
2386	1.182
2387	2.22
2388	0
2389	1.568
2390	0.91
2391	0.336
2392	1.367
2393	1.66
2394	0
2395	0.831
2396	2.61
2397	0.463
2398	1.353
2399	0.831
2400	0.328
2401	3.109
2402	3.375
2403	0.323
2404	3.375
2405	2.07
2406	0
2407	0.539
2408	2.277
2409	0.613
2410	1.045
2411	1.256
2412	0.772
2413	2.07
2414	3.375
2415	0.323
2416	2.898
2417	1.519
2418	0
2419	1.376
2420	1.519
2421	0
2422	1.743
2423	1.195
2424	0.507
2425	1.941
2426	0.91
2427	0.251
2428	0.831
2429	1.182
2430	0.688
2431	1.999
2432	1.999
2433	0
2434	1.293
2435	0.566
2436	0.838
2437	2.364
2438	2.244
2439	0
2440	0.693
2441	1.563
2442	0
2443	2.61
2444	1.743
2445	0.109
2446	2.108
2447	3.184
2448	1.019
2449	2.437
2450	3.485
2451	0
2452	1.247
2453	3.375
2454	0.223
2455	0.768
2456	1.681
2457	0
2458	1.293
2459	0.831
2460	0.215
2461	1.871
2462	1.738
2463	0.463
2464	1.507
2465	2.61
2466	0.463
2467	0.95
2468	1.871
2469	0.312
2470	0.831
2471	2.61
2472	1.019
2473	2.229
2474	1.141
2475	0.661
2476	1.872
2477	2.22
2478	0
2479	1.568
2480	0.91
2481	0.215
2482	2.48
2483	2.649
2484	0
2485	1.991
2486	1.195
2487	0.623
2488	1.353
2489	0.566
2490	0.772
2491	1.598
2492	2.273
2493	0
2494	1.681
2495	1.66
2496	0
2497	0.371
2498	1.066
2499	0.789
2500	2.364
2501	2.244
2502	0
2503	2.22
2504	3.184
2505	1.019
2506	1.941
2507	0.91
2508	0.215
2509	2.277
2510	1.639
2511	0
2512	1.507
2513	1.182
2514	0.688
2515	1.66
2516	1.872
2517	0.661
2518	1.256
2519	2.277
2520	0.613
2521	9.024
2522	15.063
2523	0
2524	1.868
2525	0.91
2526	0.251
2527	1.182
2528	2.22
2529	0
2530	0.566
2531	1.376
2532	0.52
2533	3.184
2534	1.86
2535	0.95
2536	1.568
2537	0.91
2538	0.251
2539	2.61
2540	3.109
2541	2.437
2542	1.868
2543	0.91
2544	0.215
2545	1.568
2546	0.91
2547	0.251
2548	0.566
2549	2.277
2550	0.693
2551	1.941
2552	0.91
2553	0.336
2554	1.451
2555	1.991
2556	0
2557	2.229
2558	1.738
2559	1.019
2560	2.898
2561	1.859
2562	0
2563	1.045
2564	1.256
2565	0.772
2566	1.598
2567	2.273
2568	0
2569	0.554
2570	1.066
2571	1.286
2572	0.52
2573	1.256
2574	0.711
2575	0.91
2576	2.61
2577	0.463
2578	1.245
2579	2.22
2580	0
2581	1.743
2582	0.768
2583	1.045
2584	1.293
2585	0.566
2586	0.838
2587	3.485
2588	1.639
2589	0
2590	0.768
2591	1.063
2592	0
2593	0.709
2594	0.566
2595	0.562
2596	8.353
2597	11.386
2598	0
2599	0.665
2600	1.256
2601	0.772
2602	1.378
2603	1.063
2604	0
2605	1.743
2606	1.195
2607	0.507
2608	2.898
2609	1.859
2610	0
2611	1.681
2612	9.644
2613	0
2614	1.639
2615	1.195
2616	0.554
2617	0.768
2618	1.063
2619	0
2620	0.831
2621	2.61
2622	0.575
2623	1.681
2624	1.66
2625	0
2626	2.159
2627	2.244
2628	0
2629	0.831
2630	2.61
2631	1.019
2632	2.898
2633	1.519
2634	0
2635	1.568
2636	0.91
2637	0.215
2638	1.568
2639	0.539
2640	0.838
2641	1.868
2642	0.91
2643	0.328
2644	3.109
2645	3.375
2646	0.323
2647	2.898
2648	1.519
2649	0
2650	1.182
2651	2.22
2652	0
2653	1.743
2654	0.768
2655	0.57
2656	1.647
2657	1.074
2658	0
2659	2.898
2660	1.724
2661	0
2662	1.66
2663	1.872
2664	0.693
2665	1.647
2666	1.074
2667	0
2668	2.437
2669	2.712
2670	0
2671	1.378
2672	1.681
2673	0
2674	0.855
2675	0.774
2676	0.471
2677	0.709
2678	0.566
2679	0.711
2680	0.764
2681	0.831
2682	0.336
2683	0.661
2684	1.379
2685	0.251
2686	0.566
2687	2.277
2688	0.613
2689	1.681
2690	1.66
2691	0
2692	0.709
2693	0.831
2694	0.215
2695	2.277
2696	1.378
2697	0
2698	1.872
2699	1.451
2700	0
2701	1.195
2702	1.195
2703	0.507
2704	1.941
2705	0.91
2706	0.328
2707	3.109
2708	3.375
2709	0.323
2710	1.941
2711	0.91
2712	0.336
2713	0.661
2714	1.379
2715	0.251
2716	0.709
2717	0.566
2718	0.838
2719	1.868
2720	0.91
2721	0.215
2722	1.568
2723	0.91
2724	0.251
2725	0.831
2726	2.61
2727	0.575
2728	1.045
2729	1.379
2730	0.215
2731	2.159
2732	2.244
2733	0
2734	0.709
2735	0.566
2736	0.711
2737	0.91
2738	2.61
2739	1.019
2740	1.941
2741	0.539
2742	0.772
2743	1.378
2744	1.074
2745	0
2746	1.507
2747	2.61
2748	0.463
2749	2.273
2750	1.368
2751	0.633
2752	1.293
2753	0.566
2754	0.562
2755	1.724
2756	2.007
2757	0
2758	3.375
2759	1.598
2760	0
2761	0.661
2762	1.256
2763	0.711
2764	1.141
2765	2.22
2766	0
2767	2.277
2768	1.639
2769	0
2770	1.507
2771	2.61
2772	0.463
2773	2.273
2774	1.368
2775	0.633
2776	1.872
2777	1.451
2778	0
2779	2.898
2780	1.519
2781	0
2782	2.48
2783	2.649
2784	0
2785	1.991
2786	1.195
2787	0.181
2788	1.681
2789	2.007
2790	0
2791	3.375
2792	2.07
2793	0
2794	3.485
2795	1.639
2796	0
2797	2.437
2798	3.485
2799	0
2800	1.045
2801	1.256
2802	0.711
2803	0.764
2804	0.831
2805	0.215
2806	1.871
2807	1.738
2808	0.463
2809	1.353
2810	0.566
2811	0.562
2812	1.724
2813	1.66
2814	0
2815	2.277
2816	1.639
2817	0
2818	2.229
2819	1.738
2820	0.463
2821	1.507
2822	2.61
2823	1.019
2824	2.898
2825	1.724
2826	0
2827	1.293
2828	0.831
2829	0.328
2830	3.109
2831	3.375
2832	0.38
2833	1.424
2834	2.277
2835	0.676
2836	2.273
2837	1.368
2838	0.633
2839	1.293
2840	0.831
2841	0.215
2842	2.159
2843	2.244
2844	0
2845	2.48
2846	2.649
2847	0
2848	1.647
2849	1.074
2850	0
2851	1.137
2852	2.48
2853	1.696
2854	1.639
2855	1.195
2856	0.554
2857	1.247
2858	3.375
2859	0.242
2860	0.57
2861	1.563
2862	0
2863	1.368
2864	1.063
2865	0
2866	1.368
2867	1.074
2868	0
2869	1.045
2870	1.256
2871	0.772
2872	1.639
2873	0.768
2874	1.045
2875	0.808
2876	1.871
2877	0.218
2878	2.48
2879	2.649
2880	0
2881	1.379
2882	1.182
2883	1.753
2884	12.682
2885	0.91
2886	0.251
2887	1.182
2888	1.451
2889	0
2890	2.071
2891	2.244
2892	0
2893	1.451
2894	1.647
2895	0
2896	3.184
2897	1.743
2898	0.364
2899	1.245
2900	1.451
2901	0
2902	1.681
2903	1.66
2904	0
2905	0.831
2906	2.61
2907	0.463
2908	1.353
2909	0.831
2910	0.336
2911	2.22
2912	3.184
2913	1.019
2914	2.071
2915	2.244
2916	0
2917	1.451
2918	1.991
2919	0
2920	0.554
2921	0.774
2922	0.27
2923	0.661
2924	1.379
2925	0.251
2926	0.831
2927	1.182
2928	0.688
2929	1.999
2930	1.66
2931	0
2932	1.86
2933	2.273
2934	0
2935	9.574
2936	12.494
2937	0
2938	2.273
2939	1.86
2940	0.975
2941	1.367
2942	1.66
2943	0
2944	1.367
2945	1.66
2946	0
2947	1.451
2948	1.991
2949	0
2950	1.195
2951	1.195
2952	0.181
2953	1.681
2954	1.999
2955	0
2956	3.184
2957	1.368
2958	0.633
2959	1.293
2960	0.566
2961	0.772
2962	1.378
2963	1.063
2964	0
2965	1.743
2966	1.195
2967	0.507
2968	3.375
2969	1.639
2970	0
2971	1.353
2972	0.831
2973	0.251
2974	1.182
2975	1.451
2976	0
2977	1.353
2978	0.831
2979	0.328
2980	3.109
2981	3.375
2982	0.38
2983	1.353
2984	0.566
2985	0.711
2986	0.764
2987	0.831
2988	0.251
2989	0.831
2990	2.61
2991	0.575
2992	0.57
2993	2.578
2994	0
2995	0.65
2996	1.563
2997	0
2998	1.568
2999	0.539
3000	0.838
3001	1.868
3002	0.91
3003	0.251
3004	0.831
3005	1.182
3006	0.693
3007	1.991
3008	1.195
3009	0.507
3010	1.941
3011	0.539
3012	0.838
3013	1.868
3014	0.91
3015	0.336
3016	2.22
3017	3.184
3018	0.371
3019	0.768
3020	1.063
3021	0
3022	2.61
3023	3.109
3024	3.375
3025	1.378
3026	1.063
3027	0
3028	1.367
3029	2.007
3030	0
3031	1.941
3032	0.91
3033	0.251
3034	0.351
3035	1.871
3036	0.218
3037	1.568
3038	0.91
3039	0.251
3040	2.61
3041	3.109
3042	2.437
3043	2.364
3044	2.244
3045	0
3046	0.831
3047	2.61
3048	1.019
3049	1.941
3050	0.539
3051	0.711
3052	0.91
3053	1.182
3054	0.661
3055	3.184
3056	1.743
3057	0.109
3058	1.681
3059	1.66
3060	0
3061	0.566
3062	2.277
3063	0.676
3064	1.245
3065	2.22
3066	0
3067	2.277
3068	2.07
3069	0
3070	0.539
3071	1.376
3072	0.52
3073	1.872
3074	2.22
3075	0
3076	2.61
3077	1.743
3078	0.364
3079	1.424
3080	1.376
3081	0.713
3082	9.644
3083	12.494
3084	0
3085	1.507
3086	2.61
3087	0.463
3088	1.507
3089	1.182
3090	0.661
3091	3.184
3092	1.743
3093	0.364
3094	0.95
3095	1.871
3096	0.218
3097	1.568
3098	0.91
3099	0.251
3100	0.831
3101	2.61
3102	1.019
3103	3.375
3104	1.639
3105	0
3106	1.195
3107	1.195
3108	0.623
3109	1.353
3110	0.831
3111	0.215
3112	1.568
3113	0.91
3114	0.215
3115	1.376
3116	1.724
3117	0
3118	1.256
3119	1.376
3120	0.65
3121	1.647
3122	1.063
3123	0
3124	0.566
3125	1.376
3126	0.52
3127	1.379
3128	2.61
3129	0.463
3130	2.273
3131	1.743
3132	0.364
3133	1.507
3134	2.61
3135	1.019
3136	1.941
3137	0.91
3138	0.215
3139	2.277
3140	1.598
3141	0
3142	2.48
3143	3.485
3144	0
3145	0.768
3146	1.681
3147	0
3148	1.256
3149	2.277
3150	0.676
3151	1.245
3152	1.451
3153	0
3154	1.507
3155	2.61
3156	1.019
3157	1.941
3158	0.91
3159	0.215
3160	2.277
3161	2.07
3162	0
3163	2.712
3164	2.649
3165	0
3166	1.647
3167	1.681
3168	0
3169	1.256
3170	2.277
3171	0.676
3172	2.273
3173	1.743
3174	0.364
3175	1.507
3176	2.61
3177	1.019
3178	1.941
3179	0.91
3180	0.251
3181	2.61
3182	1.86
3183	0.95
3184	2.48
3185	3.485
3186	0
3187	0.768
3188	1.681
3189	0
3190	1.256
3191	2.277
3192	0.693
3193	2.229
3194	1.738
3195	1.019
3196	1.941
3197	0.91
3198	0.251
3199	0.831
3200	1.182
3201	0.661
3202	3.184
3203	1.743
3204	0.109
3205	1.045
3206	1.379
3207	0.215
3208	1.376
3209	1.519
3210	0
3211	1.568
3212	0.91
3213	0.336
3214	0.693
3215	1.563
3216	0
3217	2.48
3218	3.485
3219	0
3220	0.95
3221	1.871
3222	0.312
3223	0.831
3224	1.182
3225	0.661
3226	0.808
3227	1.871
3228	0.218
3229	2.48
3230	2.712
3231	0
3232	1.724
3233	1.66
3234	0
3235	0.709
3236	0.831
3237	0.328
3238	0.371
3239	1.066
3240	0.799
3241	0.91
3242	2.61
3243	1.019
3244	2.898
3245	1.859
3246	0
3247	2.273
3248	3.109
3249	2.898
3250	1.859
3251	1.991
3252	0
3253	0.95
3254	1.871
3255	0.713
3256	0.371
3257	0.774
3258	0.474
3259	2.48
3260	2.712
3261	0
3262	3.485
3263	1.639
3264	0
3265	0.554
3266	1.066
3267	1.286
3268	0.52
3269	1.379
3270	0.336
3271	1.367
3272	2.007
3273	0
3274	1.941
3275	0.539
3276	0.838
3277	3.485
3278	1.378
3279	0
3280	1.563
3281	2.273
3282	0
3283	1.353
3284	0.831
3285	0.336
3286	0.661
3287	1.379
3288	0.251
3289	0.566
3290	2.277
3291	0.613
3292	1.074
3293	1.991
3294	0
3295	1.681
3296	2.007
3297	0
3298	2.071
3299	2.244
3300	0
3301	0.566
3302	2.277
3303	0.676
3304	1.507
3305	2.61
3306	0.371
3307	1.247
3308	3.375
3309	0.38
3310	1.353
3311	0.566
3312	0.562
3313	1.519
3314	3.184
3315	0.575
3316	1.681
3317	2.007
3318	0
3319	1.941
3320	0.91
3321	0.251
3322	2.61
3323	1.86
3324	1.036
3325	0.709
3326	0.831
3327	0.251
3328	0.709
3329	0.566
3330	0.562
3331	0.52
3332	1.379
3333	0.215
3334	1.568
3335	0.91
3336	0.328
3337	1.86
3338	2.273
3339	0
3340	1.941
3341	0.91
3342	0.215
3343	1.568
3344	0.91
3345	0.215
3346	2.277
3347	1.598
3348	0
3349	2.277
3350	1.639
3351	0
3352	1.045
3353	1.256
3354	0.711
3355	1.141
3356	1.451
3357	0
3358	3.375
3359	1.639
3360	0
3361	1.507
3362	2.61
3363	0.463
3364	1.245
3365	2.22
3366	0
3367	1.871
3368	1.738
3369	0.371
3370	1.195
3371	0.768
3372	0.57
3373	1.647
3374	1.074
3375	0
3376	1.681
3377	1.66
3378	0
3379	1.86
3380	2.273
3381	0
3382	0.57
3383	2.578
3384	0
3385	1.738
3386	1.743
3387	0.375
3388	0.768
3389	1.063
3390	0
3391	1.871
3392	1.738
3393	0.463
3394	1.507
3395	1.182
3396	0.693
3397	0.855
3398	0.774
3399	0.474
3400	1.568
3401	0.91
3402	0.336
3403	0.661
3404	1.256
3405	0.562
3406	1.724
3407	2.007
3408	0
3409	2.273
3410	3.109
3411	2.437
3412	2.364
3413	2.244
3414	0
3415	0.566
3416	2.277
3417	0.676
3418	1.424
3419	2.277
3420	0.613
3421	2.108
3422	3.184
3423	1.019
3424	2.898
3425	1.519
3426	0
3427	1.368
3428	1.074
3429	0
3430	1.045
3431	1.256
3432	0.838
3433	3.485
3434	1.639
3435	0
3436	1.247
3437	3.375
3438	0.223
3439	0.768
3440	1.074
3441	0
3442	1.941
3443	0.539
3444	0.711
3445	1.141
3446	2.22
3447	0
3448	1.367
3449	2.007
3450	0
3451	2.229
3452	1.738
3453	1.019
3454	2.229
3455	1.141
3456	0.688
3457	0.577
3458	2.578
3459	0
3460	0.562
3461	0.774
3462	0.474
3463	1.871
3464	1.738
3465	1.019
3466	2.229
3467	1.738
3468	1.019
3469	2.437
3470	3.485
3471	0
3472	1.941
3473	0.91
3474	0.251
3475	2.61
3476	1.86
3477	1.036
3478	0.709
3479	0.566
3480	0.838
3481	1.868
3482	0.91
3483	0.215
3484	1.871
3485	1.738
3486	0.463
3487	1.245
3488	1.451
3489	0
3490	1.424
3491	2.277
3492	0.562
3493	1.195
3494	1.195
3495	0.507
3496	2.898
3497	1.859
3498	0
3499	1.941
3500	0.91
3501	0.251
3502	0.831
3503	2.61
3504	1.019
3505	2.229
3506	1.141
3507	0.661
3508	3.184
3509	1.743
3510	0.364
3511	1.353
3512	0.566
3513	0.838
3514	1.868
3515	0.91
3516	0.251
3517	0.566
3518	2.277
3519	0.562
3520	0.768
3521	1.074
3522	0
3523	2.898
3524	1.859
3525	0
3526	3.375
3527	1.639
3528	0
3529	1.195
3530	1.195
3531	0.623
3532	1.424
3533	1.376
3534	0.52
3535	1.293
3536	0.831
3537	0.251
3538	0.566
3539	1.376
3540	1.591
3541	12.494
3542	1.378
3543	0
3544	0.665
3545	1.256
3546	0.711
3547	0.764
3548	0.831
3549	0.215
3550	2.159
3551	2.244
3552	0
3553	1.568
3554	0.539
3555	0.562
3556	1.859
3557	1.991
3558	0
3559	1.424
3560	1.376
3561	0.52
3562	0.84
3563	2.48
3564	0.813
3565	0.539
3566	2.277
3567	0.613
3568	1.681
3569	2.007
3570	0
3571	1.424
3572	1.376
3573	0.713
3574	1.999
3575	2.007
3576	0
3577	1.195
3578	0.768
3579	1.045
3580	1.872
3581	1.367
3582	0
3583	1.66
3584	3.184
3585	0.463
3586	1.245
3587	2.22
3588	0
3589	2.22
3590	3.184
3591	0.371
3592	0.554
3593	1.066
3594	0.789
3595	2.649
3596	1.859
3597	0
3598	1.045
3599	1.256
3600	0.838
3601	2.712
3602	3.485
3603	0
3604	1.397
3605	1.245
3606	0
3607	0.701
3608	13.533
3609	0
3610	0.351
3611	1.871
3612	0.218
3613	2.48
3614	2.712
3615	0
3616	2.649
3617	1.724
3618	0
3619	1.293
3620	0.566
3621	0.711
3622	0.764
3623	0.831
3624	0.328
3625	0.371
3626	0.774
3627	0.474
3628	1.568
3629	0.539
3630	0.772
3631	1.378
3632	1.681
3633	0
3634	1.647
3635	1.063
3636	0
3637	1.568
3638	0.91
3639	0.215
3640	1.568
3641	0.539
3642	0.711
3643	0.91
3644	1.182
3645	0.693
3646	0.855
3647	0.774
3648	0.456
3649	1.368
3650	1.074
3651	0
3652	1.424
3653	2.277
3654	0.693
3655	1.941
3656	0.539
3657	0.838
3658	2.244
3659	1.738
3660	1.019
3661	1.941
3662	0.91
3663	0.215
3664	1.568
3665	0.539
3666	0.562
3667	1.859
3668	1.991
3669	0
3670	1.681
3671	1.999
3672	0
3673	2.578
3674	2.898
3675	0.26
3676	1.991
3677	0.768
3678	0.654
3679	0.665
3680	1.379
3681	0.336
3682	2.22
3683	1.872
3684	0.693
3685	0.855
3686	1.066
3687	1.209
3688	0.562
3689	0.774
3690	0.456
3691	1.743
3692	1.195
3693	0.507
3694	2.437
3695	3.485
3696	0
3697	1.353
3698	0.831
3699	0.215
3700	2.277
3701	1.598
3702	0
3703	0.831
3704	1.182
3705	0.661
3706	1.379
3707	2.61
3708	0.463
3709	2.273
3710	1.86
3711	0.975
3712	1.367
3713	2.007
3714	0
3715	0.768
3716	1.074
3717	0
3718	1.045
3719	1.256
3720	0.772
3721	1.378
3722	1.074
3723	0
3724	1.245
3725	1.451
3726	0
3727	1.137
3728	2.48
3729	0.988
3730	1.519
3731	3.184
3732	0.463
3733	1.424
3734	1.376
3735	0.52
3736	1.872
3737	1.367
3738	0
3739	12.494
3740	1.639
3741	0
3742	2.898
3743	1.859
3744	0
3745	1.245
3746	1.367
3747	0
3748	12.682
3749	0.539
3750	0.772
3751	2.07
3752	3.375
3753	0.242
3754	0.57
3755	2.578
3756	0
3757	1.378
3758	1.074
3759	0
3760	1.353
3761	0.566
3762	0.711
3763	0.91
3764	1.182
3765	0.661
3766	1.872
3767	2.22
3768	0
3769	1.568
3770	0.539
3771	0.838
3772	1.868
3773	0.539
3774	0.711
3775	0.91
3776	2.61
3777	0.371
3778	0.554
3779	0.774
3780	0.456
3781	0.371
3782	0.774
3783	0.456
3784	1.368
3785	1.063
3786	0
3787	0.371
3788	1.066
3789	0.799
3790	0.764
3791	0.566
3792	0.711
3793	0.91
3794	2.61
3795	0.463
3796	1.424
3797	1.376
3798	0.65
3799	0.855
3800	0.774
3801	0.471
3802	0.831
3803	2.61
3804	1.019
3805	2.229
3806	1.141
3807	0.693
3808	2.578
3809	2.898
3810	0.192
3811	1.256
3812	2.277
3813	0.676
3814	1.507
3815	1.182
3816	0.688
3817	0.665
3818	1.256
3819	0.838
3820	3.485
3821	1.598
3822	0
3823	2.61
3824	1.86
3825	1.817
3826	0.371
3827	1.066
3828	0.789
3829	2.649
3830	1.519
3831	0
3832	0.709
3833	0.566
3834	0.838
3835	2.649
3836	1.519
3837	0
3838	1.368
3839	1.074
3840	0
3841	1.045
3842	1.256
3843	0.838
3844	1.868
3845	0.91
3846	0.336
3847	2.22
3848	3.184
3849	0.575
3850	2.108
3851	1.872
3852	0.688
3853	2.007
3854	1.991
3855	0
3856	1.424
3857	2.277
3858	0.693
3859	1.941
3860	0.539
3861	0.838
3862	1.868
3863	0.91
3864	0.251
3865	1.182
3866	2.22
3867	0
3868	0.709
3869	0.831
3870	0.328
3871	3.109
3872	3.375
3873	0.223
3874	0.768
3875	1.074
3876	0
3877	2.898
3878	1.859
3879	0
3880	1.424
3881	1.376
3882	0.65
3883	0.855
3884	1.066
3885	1.209
3886	1.639
3887	1.195
3888	0.554
3889	0.768
3890	1.074
3891	0
3892	0.768
3893	1.063
3894	0
3895	0.661
3896	1.256
3897	0.772
3898	2.07
3899	2.898
3900	0.192
3901	1.256
3902	2.277
3903	0.693
3904	1.941
3905	0.91
3906	0.328
3907	0.371
3908	1.066
3909	0.789
3910	1.868
3911	0.91
3912	0.215
3913	1.871
3914	1.141
3915	0.693
3916	0.855
3917	1.066
3918	0.799
3919	1.141
3920	1.451
3921	0
3922	2.898
3923	1.519
3924	0
3925	0.831
3926	2.61
3927	0.463
3928	1.245
3929	2.22
3930	0
3931	0.831
3932	1.182
3933	0.661
3934	1.872
3935	1.367
3936	0
3937	0.665
3938	1.256
3939	0.838
3940	2.244
3941	1.738
3942	0.575
3943	1.681
3944	2.007
3945	0
3946	1.195
3947	0.768
3948	0.57
3949	0.855
3950	1.066
3951	0.799
3952	1.738
3953	1.743
3954	0.326
3955	2.437
3956	3.485
3957	0
3958	0.768
3959	1.074
3960	0
3961	0.768
3962	1.681
3963	0
3964	1.293
3965	0.831
3966	0.336
3967	0.661
3968	1.379
3969	0.251
3970	2.61
3971	3.109
3972	2.229
3973	0.441
3974	2.48
3975	0.988
3976	1.519
3977	3.184
3978	0.575
3979	1.045
3980	1.256
3981	0.772
3982	1.378
3983	1.074
3984	0
3985	1.941
3986	0.91
3987	0.251
3988	0.566
3989	1.376
3990	0.713
3991	0.665
3992	1.256
3993	0.838
3994	2.364
3995	2.244
3996	0
3997	2.277
3998	1.639
3999	0
4000	2.437
4001	3.485
4002	0
4003	0.57
4004	2.578
4005	0
4006	0.539
4007	2.277
4008	0.693
4009	2.229
4010	1.141
4011	0.661
4012	1.293
4013	0.566
4014	0.838
4015	1.868
4016	0.91
4017	0.328
4018	0.371
4019	1.066
4020	0.789
4021	3.485
4022	1.639
4023	0
4024	0.768
4025	1.063
4026	0
4027	1.871
4028	1.738
4029	1.019
4030	2.229
4031	1.738
4032	1.019
4033	1.941
4034	0.91
4035	0.215
4036	1.568
4037	0.91
4038	0.251
4039	0.351
4040	1.871
4041	0.218
4042	2.159
4043	2.244
4044	0
4045	1.182
4046	10.44
4047	0
4048	2.712
4049	2.649
4050	0
4051	0.855
4052	1.066
4053	0.789
4054	1.868
4055	0.91
4056	0.215
4057	1.568
4058	0.91
4059	0.251
4060	0.831
4061	2.61
4062	0.463
4063	1.507
4064	2.61
4065	0.575
4066	1.045
4067	1.379
4068	0.215
4069	1.568
4070	0.91
4071	0.215
4072	1.568
4073	0.539
4074	0.562
4075	0.52
4076	1.379
4077	0.251
4078	0.566
4079	1.376
4080	0.52
4081	3.184
4082	3.109
4083	2.437
4084	2.244
4085	1.738
4086	0.371
4087	0.768
4088	1.063
4089	0
4090	0.831
4091	1.182
4092	0.693
4093	0.855
4094	0.774
4095	0.474
4098	0
4099	1.941
4100	0.91
4101	0.215
4102	1.376
4103	1.519
4104	0
4105	1.376
4106	1.519
4107	0
4108	1.368
4109	1.074
4110	0
4111	2.437
4112	2.712
4113	0
4114	2.07
4115	3.375
4116	0.323
4117	1.941
4118	0.539
4119	0.711
4120	0.539
4121	2.277
4122	0.693
4123	1.941
4124	0.91
4125	0.251
4126	1.182
4127	2.22
4128	0
4129	0.566
4130	1.376
4131	1.591
4132	12.494
4133	1.378
4134	0
4135	1.647
4136	1.074
4137	0
4138	1.941
4139	0.91
4140	0.215
4141	1.871
4142	1.141
4143	0.693
4144	2.578
4145	2.898
4146	0.26
4147	1.647
4148	1.063
4149	0
4150	2.48
4151	2.712
4152	0
4153	0.65
4154	1.563
4155	0
4156	1.368
4157	1.681
4158	0
4159	1.647
4160	1.074
4161	0
4162	1.045
4163	1.256
4164	0.711
4165	0.539
4166	2.277
4167	0.693
4168	2.229
4169	1.141
4170	0.661
4171	3.184
4172	1.743
4173	0.375
4174	0.554
4175	0.774
4176	0.471
4177	1.182
4178	1.367
4179	0
4180	1.872
4181	1.451
4182	0
4183	1.045
4184	1.256
4187	1.256
4188	0.711
4189	0.441
4190	2.48
4191	0.907
4192	2.244
4193	1.738
4194	0.463
4195	1.245
4196	1.367
4197	0
4198	3.184
4199	3.109
4200	2.898
4201	0.52
4202	1.379
4203	0.336
4204	2.22
4205	3.184
4206	0.463
4207	1.507
4208	1.182
4209	0.688
4210	0.577
4211	2.578
4212	0
4213	1.738
4214	1.86
4215	1.036
4216	0.709
4217	0.566
4218	0.562
4219	1.859
4220	1.647
4221	0
4222	0.665
4223	1.256
4224	0.562
4225	0.52
4226	1.256
4227	0.838
4228	1.868
4229	0.91
4230	0.251
4231	2.61
4232	3.109
4233	2.437
4234	2.649
4235	1.859
4236	0
4237	1.941
4238	0.91
4239	0.336
4240	0.693
4241	1.563
4242	0
4243	1.568
4244	0.91
4245	0.215
4246	1.376
4247	1.859
4248	0
4249	3.375
4250	2.07
4251	0
4252	0.562
4253	0.774
4254	0.474
4255	1.568
4256	0.91
4257	0.336
4258	0.661
4259	1.256
4260	0.562
4261	1.519
4262	3.184
4263	1.019
4264	2.437
4265	2.712
4266	0
4267	0.539
4268	1.376
4269	0.713
4270	0.665
4271	1.256
4272	0.562
4273	1.724
4274	2.007
4275	0
4276	0.768
4277	1.074
4278	0
4279	1.507
4280	1.182
4281	0.661
4282	1.256
4283	1.376
4284	0.65
4285	1.563
4286	1.245
4287	0
4288	1.999
4289	2.007
4290	0
4291	0.768
4292	1.681
4293	0
4294	3.184
4295	1.368
4296	0.633
4297	3.184
4298	1.86
4299	1.036
4300	0.566
4301	2.277
4302	0.693
4303	2.229
4304	1.141
4305	0.693
4306	1.647
4307	1.074
4308	0
4309	0.768
4310	1.074
4311	0
4312	2.898
4313	1.724
4314	0
4315	2.007
4316	1.991
4317	0
4318	1.941
4319	0.539
4320	0.838
4321	2.244
4322	1.141
4323	0.688
4324	0.577
4325	2.578
4326	0
4327	0.578
4328	13.533
4329	0
4330	0.831
4331	2.61
4332	0.575
4333	1.681
4334	1.66
4335	0
4336	1.568
4337	0.91
4338	0.336
4339	0.661
4340	1.379
4341	0.251
4342	0.566
4343	1.376
4344	0.52
4345	1.872
4346	2.22
4347	0
4348	1.368
4349	1.063
4350	0
4351	1.568
4352	0.91
4353	0.251
4354	0.709
4355	0.831
4356	0.215
4359	0.371
4360	0.768
4361	9.024
4362	0
4363	1.519
4364	3.184
4365	0.463
4366	2.273
4367	1.86
4368	0.975
4369	2.22
4370	3.184
4371	1.019
4372	2.437
4373	2.649
4374	0
4375	0.665
4376	1.379
4377	0.251
4378	0.444
4379	2.48
4380	0.813
4381	0.91
4382	1.182
4383	0.661
4384	1.379
4385	1.182
4386	0.693
4387	1.647
4388	1.681
4389	0
4390	3.184
4391	3.109
4392	3.375
4393	1.639
4394	1.195
4395	0.554
4396	0.768
4397	1.074
4398	0
4399	1.353
4400	0.831
4401	0.251
4402	0.444
4403	2.48
4404	0.988
4405	1.724
4406	2.007
4407	0
4408	0.95
4409	1.871
4410	0.218
4411	1.568
4412	0.91
4413	0.336
4414	2.22
4415	3.184
4416	0.463
4417	2.273
4418	1.86
4419	1.817
4420	1.368
4421	1.063
4422	0
4425	0
4426	0.371
4427	0.774
4428	0.471
4429	1.182
4430	1.451
4431	0
4432	0.768
4433	1.063
4434	0
4435	0.661
4436	1.256
4437	0.711
4438	0.764
4439	0.831
4440	0.251
4441	0.566
4442	2.277
4443	0.676
4444	1.424
4445	2.277
4446	0.693
4447	1.941
4448	0.91
4449	0.328
4450	1.86
4451	1.245
4452	0
4453	1.999
4454	2.007
4455	0
4456	2.273
4457	1.86
4458	1.036
4459	0.566
4460	1.376
4461	0.713
4462	0.665
4463	1.256
4464	0.711
4465	0.91
4466	2.61
4467	0.575
4468	1.681
4469	1.66
4470	0
4471	1.568
4472	0.91
4473	0.215
4474	2.48
4475	2.649
4476	0
4477	2.007
4478	1.991
4479	0
4480	0.768
4481	1.074
4482	0
4483	2.898
4484	1.859
4485	0
4486	2.229
4487	1.141
4488	0.661
4489	1.293
4490	0.566
4491	0.772
4492	1.639
4493	1.195
4494	0.507
4495	1.941
4496	0.539
4497	0.838
4498	3.485
4499	2.07
4500	0
4501	1.378
4502	1.074
4503	0
4504	2.898
4505	1.519
4506	0
4507	1.871
4508	1.738
4509	0.463
4510	1.424
4511	2.277
4512	0.562
4513	0.768
4514	1.074
4515	0
4516	1.245
4517	1.367
4518	0
4519	1.256
4520	2.277
4521	0.676
4522	1.353
4523	0.831
4524	0.251
4525	0.831
4526	2.61
4527	0.463
4528	1.353
4529	0.831
4530	0.215
4531	1.568
4532	0.91
4533	0.336
4534	1.367
4535	1.66
4536	0
4537	2.159
4538	2.244
4539	0
4540	2.277
4541	2.07
4542	0
4543	1.868
4544	0.91
4545	0.251
4546	0.444
4549	1.378
4550	1.063
4551	0
4552	1.368
4553	1.681
4554	0
4555	1.999
4556	2.007
4557	0
4558	0.768
4559	1.074
4560	0
4561	1.353
4562	0.831
4563	0.328
4564	3.109
4565	2.898
4566	0.239
4567	1.999
4568	1.66
4569	0
4570	1.368
4571	1.063
4572	0
4573	0.371
4574	0.774
4575	0.474
4576	1.871
4577	1.738
4578	1.019
4579	2.229
4580	1.738
4581	0.463
4582	1.137
4583	2.48
4584	1.696
4585	2.07
4586	0.789
4587	1.696
4588	1.598
4589	1.245
4590	0
4591	3.184
4592	3.109
4593	2.898
4594	1.519
4595	1.872
4596	0.661
4597	1.256
4598	2.277
4599	0.562
4600	1.247
4601	2.898
4602	0.26
4603	1.647
4604	1.074
4605	0
4606	2.437
4607	2.712
4608	0
4609	0.539
4610	2.277
4611	0.613
4612	1.074
4613	1.991
4614	0
4615	1.045
4616	1.256
4617	0.711
4618	0.91
4619	2.61
4620	0.463
4621	0.95
4622	1.871
4623	0.312
4624	0.831
4625	1.182
4626	0.693
4627	1.563
4628	1.245
4629	0
4630	1.999
4631	1.66
4632	0
4633	1.368
4634	1.074
4635	0
4636	1.045
4637	1.379
4638	0.215
4639	1.568
4640	0.539
4641	0.838
4642	1.868
4643	0.539
4644	0.562
4645	1.859
4646	1.647
4647	0
4648	3.184
4649	1.743
4650	0.364
4651	1.353
4652	0.566
4653	0.838
4654	3.485
4655	1.639
4656	0
4657	3.375
4658	1.639
4659	0
4660	2.229
4661	1.738
4662	1.019
4663	3.375
4664	2.07
4665	0
4666	1.868
4667	0.539
4668	0.838
4669	1.868
4670	0.539
4671	0.562
4672	0.52
4673	1.379
4674	0.336
4675	0.661
4676	1.256
4677	0.562
4678	0.65
4679	2.578
4680	0
4681	1.868
4682	0.91
4683	0.215
4684	1.568
4685	0.539
4686	0.772
4687	1.378
4688	1.074
4689	0
4690	2.437
4691	2.712
4692	0
4693	1.724
4694	1.66
4695	0
4696	2.22
4697	1.872
4698	1.753
4699	13.533
4700	1.738
4701	0.371
4702	0.554
4703	1.066
4704	0.799
4705	1.141
4706	10.44
4707	0
4708	1.868
4709	0.91
4710	0.251
4711	1.182
4712	2.22
4713	0
4714	1.368
4715	1.074
4716	0
4717	1.397
4718	1.245
4719	0
4720	0.855
4721	1.066
4722	1.286
4723	1.724
4724	1.66
4725	0
4726	0.444
4727	2.48
4728	0.988
4729	0.52
4730	1.379
4731	0.215
4732	1.871
4733	1.738
4734	0.575
4735	0.57
4736	1.563
4737	0
4740	0.838
4741	2.364
4742	2.244
4743	0
4744	1.182
4745	1.367
4746	0
4747	1.999
4748	2.007
4749	0
4750	1.397
4751	1.245
4752	0
4753	0.577
4754	2.578
4755	0
4756	1.868
4757	0.91
4758	0.328
4759	1.368
4760	1.074
4761	0
4762	2.071
4763	2.244
4764	0
4765	2.61
4766	1.368
4767	0.633
4768	1.256
4769	1.376
4770	0.713
4771	2.007
4772	1.647
4773	0
4774	1.991
4775	0.768
4776	0.57
4777	1.647
4778	1.074
4779	0
4780	2.229
4781	1.738
4782	1.019
4783	2.229
4784	1.141
4785	0.688
4786	1.999
4787	2.007
4788	0
4789	1.941
4790	0.91
4791	0.328
4792	1.368
4793	1.074
4794	0
4795	2.229
4796	1.738
4797	0.575
4798	1.681
4799	2.007
4800	0
4801	0.768
4802	1.074
4803	0
4804	1.941
4805	0.91
4806	0.215
4807	1.871
4808	1.141
4809	0.661
4810	0.808
4811	1.871
4812	0.218
4813	1.376
4814	1.724
4815	0
4816	1.999
4817	1.66
4818	0
4819	1.568
4820	0.539
4821	0.772
4822	1.378
4823	1.063
4824	0
4825	1.376
4826	1.859
4827	0
4828	9.574
4829	12.494
4830	0
4831	3.375
4832	1.639
4833	0
4834	2.437
4835	2.649
4836	0
4837	1.379
4838	1.182
4839	0.661
4840	3.184
4841	1.86
4842	0.975
4843	1.367
4844	1.66
4845	0
4846	1.368
4847	1.074
4848	0
4849	0.768
4850	1.063
4851	0
4852	1.182
4853	1.367
4854	0
4855	1.647
4856	1.074
4857	0
4858	2.898
4859	1.519
4860	0
4861	0.371
4862	1.066
4863	0.799
4864	0.764
4865	0.831
4866	0.215
4867	2.277
4868	1.639
4869	0
4870	1.681
4871	1.999
4872	0
4873	0.665
4874	1.379
4875	0.328
4876	0.371
4877	1.066
4878	0.799
4879	0.764
4880	0.831
4881	0.215
4882	2.277
4883	1.639
4884	0
4885	2.898
4886	1.519
4887	0
4888	1.568
4889	0.91
4890	0.328
4891	1.368
4892	1.074
4893	0
4894	2.898
4895	1.724
4896	0
4897	0.665
4898	1.256
4899	0.711
4900	0.539
4901	2.277
4902	0.613
4903	1.681
4904	1.66
4905	0
4906	1.376
4907	1.859
4908	0
4909	2.898
4910	1.859
4911	0
4912	2.898
4913	1.859
4914	0
4915	2.108
4916	3.184
4917	0.463
4918	1.245
4919	1.451
4920	0
4921	1.245
4922	1.451
4923	0
4924	2.229
4925	1.738
4926	0.463
4927	1.245
4928	1.451
4929	0
4930	2.898
4931	1.859
4932	0
4933	2.437
4934	2.712
4935	0
4936	1.598
4937	2.273
4938	0
4939	1.507
4940	2.61
4941	1.019
4942	2.898
4943	1.519
4944	0
4945	2.61
4946	3.109
4947	2.437
4948	1.868
4949	0.91
4950	0.215
4951	1.568
4952	0.91
4953	0.251
4954	0.566
4955	2.277
4956	0.693
4957	3.375
4958	2.07
4959	0
4960	0.539
4961	1.376
4962	0.52
4963	0.84
4964	2.48
4965	0.907
4966	1.868
4967	0.539
4968	0.711
4969	0.764
4970	0.566
4971	0.562
4972	1.724
4973	1.66
4974	0
4975	1.568
4976	0.91
4977	0.328
4978	0.371
4979	1.066
4980	0.799
4981	1.141
4982	2.22
4983	0
4984	1.376
4985	1.859
4986	0
4987	0.768
4988	1.063
4989	0
4990	1.182
4991	2.22
4992	0
4993	1.568
4994	0.91
4995	0.251
4996	0.444
4997	2.48
4998	0.907
4999	3.485
5000	1.378
5001	0
5002	1.379
5003	1.182
5004	0.661
5005	1.293
5006	0.831
5007	0.251
5008	0.351
5009	1.871
5010	0.312
5011	2.61
5012	3.109
5013	3.375
5014	1.378
5015	1.681
5016	0
5017	3.184
5018	3.109
5019	2.437
5020	3.485
5021	2.07
5022	0
5023	3.485
5024	2.07
5025	0
5026	1.378
5027	1.074
5028	0
5029	2.437
5030	2.649
5031	0
5032	0.577
5033	2.578
5034	0
5035	1.141
5036	1.367
5037	0
5038	1.999
5039	1.66
5040	0
5041	1.568
5042	0.91
5043	0.215
5044	1.568
5045	0.91
5046	0.328
5047	1.743
5048	1.195
5051	3.109
5052	2.898
5053	1.859
5054	1.647
5055	0
5056	12.494
5057	2.07
5058	0
5059	1.598
5060	1.245
5061	0
5062	1.293
5063	0.566
5064	0.772
5065	1.639
5066	1.195
5067	0.507
5068	2.898
5069	1.724
5070	0
5071	0.808
5072	1.871
5073	0.312
5074	0.709
5075	0.831
5076	0.336
5077	2.22
5078	1.872
5079	0.688
5080	1.66
5081	1.872
5082	0.661
5083	3.184
5084	1.368
5085	0.633
5086	1.872
5087	1.451
5088	0
5089	0.554
5090	0.774
5091	0.471
5092	1.182
5093	1.451
5094	0
5095	1.507
5096	2.61
5097	0.575
5098	0.57
5099	1.563
5100	0
5101	2.61
5102	1.743
5103	0.364
5104	1.245
5105	1.451
5106	0
5107	1.941
5108	0.91
5109	0.215
5110	1.568
5111	0.539
5112	0.711
5113	1.141
5114	1.451
5115	0
5116	1.245
5117	1.451
5118	0
5119	2.108
5120	3.184
5121	1.019
5122	3.375
5123	1.639
5124	0
5125	3.375
5126	1.639
5127	0
5128	2.273
5129	3.109
5130	2.229
5131	0.764
5132	0.831
5133	0.251
5134	1.182
5135	2.22
5136	0
5139	1.019
5140	2.898
5141	1.859
5142	0
5143	1.941
5144	0.539
5145	0.772
5146	1.639
5147	1.195
5148	0.507
5149	3.375
5150	2.07
5151	0
5152	2.07
5153	3.375
5154	0.323
5155	1.941
5156	0.91
5157	0.336
5158	9.681
5159	15.063
5160	0
5161	1.141
5162	2.22
5163	0
5164	0.693
5165	2.578
5166	0
5167	0.764
5168	0.831
5169	0.328
5170	1.86
5171	2.273
5172	0
5173	1.195
5174	1.195
5175	0.181
5176	0.57
5177	1.563
5178	0
5179	2.159
5180	2.244
5181	0
5182	2.61
5183	1.743
5184	0.326
5185	2.898
5186	8.353
5187	0
5188	2.364
5189	2.244
5190	0
5191	2.159
5192	2.244
5193	0
5194	0.709
5195	0.831
5196	0.328
5197	3.109
5198	0.789
5199	0.907
5200	3.485
5201	1.598
5202	0
5203	2.277
5204	1.639
5205	0
5206	1.424
5207	1.376
5208	0.65
5209	1.563
5210	2.273
5211	0
5212	1.195
5213	0.768
5214	0.57
5217	0.907
5218	3.485
5219	2.07
5220	0
5221	1.141
5222	1.367
5223	0
5224	0.665
5225	1.256
5226	0.772
5227	1.378
5228	1.074
5229	0
5230	2.273
5231	1.743
5232	0.364
5233	1.353
5234	0.831
5235	0.215
5236	1.568
5237	0.91
5238	0.251
5239	0.351
5240	1.871
5241	0.312
5242	0.709
5243	0.831
5244	0.251
5245	2.61
5246	3.109
5247	2.898
5248	0.65
5249	2.578
5250	0
5251	0.91
5252	2.61
5253	1.019
5254	1.941
5255	0.539
5258	3.184
5259	1.019
5260	2.229
5261	1.738
5262	0.371
5263	1.195
5264	1.195
5265	0.507
5266	1.941
5267	0.91
5268	0.215
5269	2.277
5270	1.378
5271	0
5272	0.808
5273	1.871
5274	0.218
5275	2.159
5276	2.244
5277	0
5278	1.871
5279	1.738
5280	1.019
5281	3.375
5282	2.07
5283	0
5284	3.485
5285	1.378
5286	0
5287	1.379
5288	2.61
5289	1.019
5290	2.071
5291	2.244
5292	0
5293	0.351
5294	1.871
5295	0.312
5296	0.831
5297	1.182
5298	0.688
5299	1.66
5300	1.872
5301	0.688
5302	0.665
5303	1.379
5304	0.215
5305	2.48
5306	3.485
5307	0
5308	1.681
5309	1.66
5310	0
5311	0.709
5312	0.566
5313	0.562
5314	0.578
5315	13.533
5316	0
5317	1.376
5318	1.519
5319	0
5320	0.351
5321	1.871
5322	0.218
5323	1.568
5324	0.91
5325	0.328
5326	1.368
5327	1.681
5328	0
5329	0.665
5330	1.256
5331	0.838
5332	2.244
5333	1.141
5334	0.661
5335	0.808
5336	1.871
5337	0.312
5338	0.709
5339	0.566
5342	1.368
5343	0.414
5344	1.991
5345	0.768
5346	1.045
5347	0.84
5348	2.48
5349	0.907
5350	2.712
5351	2.712
5352	0
5353	0.65
5354	1.563
5355	0
5356	1.568
5357	0.91
5358	0.251
5359	2.61
5360	1.368
5361	0.414
5362	2.578
5363	3.375
5364	0.223
5365	1.247
5366	2.898
5367	0.26
5368	1.563
5369	2.273
5370	0
5371	2.437
5372	2.712
5373	0
5374	1.724
5375	1.999
5376	0
5377	1.991
5378	0.768
5379	1.045
5380	1.872
5381	1.367
5382	0
5383	1.379
5384	1.182
5385	0.661
5386	3.184
5387	3.109
5388	2.898
5389	1.724
5390	1.999
5391	0
5392	1.872
5393	2.22
5394	0
5397	0.575
5398	1.045
5399	1.379
5400	0.336
5401	0.693
5402	2.578
5403	0
5404	1.868
5405	0.91
5406	0.328
5407	3.109
5408	0.789
5409	0.813
5410	1.738
5411	3.109
5412	2.437
5413	3.485
5414	1.598
5415	0
5416	0.661
5417	1.256
5418	0.562
5419	0.65
5420	2.578
5421	0
5422	2.07
5423	3.375
5424	0.323
5425	2.437
5426	3.485
5427	0
5428	2.898
5429	1.859
5430	0
5431	0.768
5432	1.074
5433	0
5434	3.375
5435	2.07
5436	0
5437	3.485
5438	2.07
5439	0
5440	0.764
5441	0.566
5442	0.838
5443	1.868
5444	0.539
5445	0.562
5446	1.859
5447	1.991
5448	0
5449	0.768
5450	1.063
5451	0
5452	1.368
5453	1.063
5454	0
5455	1.743
5456	0.768
5457	1.045
5458	1.872
5459	1.367
5460	0
5461	2.007
5462	1.991
5463	0
5464	2.437
5465	2.649
5466	0
5467	1.872
5468	2.22
5471	3.485
5472	0
5473	3.375
5474	1.378
5475	0
5476	1.66
5477	1.872
5478	0.688
5479	1.999
5480	1.66
5481	0
5482	2.61
5483	1.743
5484	0.326
5485	3.375
5486	2.07
5487	0
5488	3.485
5489	1.639
5490	0
5491	3.375
5492	2.07
5493	0
5494	0.52
5495	1.256
5496	0.562
5497	1.724
5498	1.66
5499	0
5500	1.871
5501	1.738
5502	1.019
5503	2.898
5504	1.724
5505	0
5506	2.578
5507	0.789
5508	0.813
5509	1.141
5510	2.22
5511	0
5512	1.568
5513	0.539
5514	0.838
5515	2.244
5516	1.141
5517	0.661
5518	1.379
5519	2.61
5520	1.019
5521	2.437
5522	2.649
5523	0
5524	1.991
5525	0.768
5526	0.654
5527	1.66
5528	3.184
5529	1.019
5532	0
5533	2.61
5534	1.743
5535	0.326
5536	2.437
5537	2.712
5538	0
5539	0.52
5540	1.256
5541	0.711
5542	1.738
5543	3.109
5544	3.375
5545	2.07
5546	3.375
5547	0.323
5548	1.941
5549	0.539
5550	0.838
5551	2.649
5552	1.519
5553	0
5554	1.367
5555	2.007
5556	0
5557	3.375
5558	2.07
5559	0
5560	3.485
5561	2.07
5562	0
5563	1.141
5564	1.367
5565	0
5566	0.701
5567	13.533
5568	0
5569	1.568
5570	0.539
5571	0.772
5572	2.07
5573	0.789
5574	0.907
5575	3.485
5576	2.07
5577	0
5578	0.562
5579	1.066
5580	0.789
5581	2.244
5582	1.141
5583	0.661
5584	1.256
5585	2.277
5586	0.693
5587	3.375
5588	1.598
5589	0
5590	1.376
5591	1.519
5592	0
5593	1.451
5594	1.647
5595	0
5596	1.563
5597	1.245
5598	0
5599	0.665
5600	1.256
5601	0.772
5602	2.07
5603	2.898
5604	0.239
5605	0.665
5606	1.256
5607	0.838
5608	1.868
5609	0.539
5610	0.562
5611	0.65
5612	2.578
5613	0
5614	2.244
5615	1.141
5616	0.661
5617	1.872
5618	1.367
5619	0
5620	1.563
5621	1.245
5622	0
5623	0.577
5624	2.578
5625	0
5626	1.738
5627	1.86
5628	0.975
5629	1.367
5630	1.999
5631	0
5632	0.665
5633	1.256
5634	0.711
5635	1.738
5636	1.368
5637	0.426
5638	1.999
5639	1.999
5640	0
5641	1.66
5642	1.872
5643	0.661
5644	1.256
5645	1.376
5646	0.713
5647	1.66
5648	1.872
5649	0.693
5650	1.563
5651	1.245
5652	0